[1,[0],	[[485,0],[58,0]]]
[2,[0],	[[58,0],[410,0],[418,0]]]
[3,[0],	[[330,0],[604,0],[14,0],[58,0]]]
[4,[0],	[[417,0],[58,0]]]
[5,[0],	[[86,0],[266,0],[304,0],[498,0],[395,0],[14,0],[375,0],[316,0],[58,0]]]
[6,[0],	[[58,0]]]
[7,[0],	[[474,0],[325,0],[272,0],[184,0],[498,0],[354,0],[375,0],[247,0],[22,0],[48,0],[326,0],[550,0],[391,0],[430,0],[351,0],[402,0],[211,0],[519,0],[185,0],[475,0],[90,0],[256,0],[518,0],[603,0],[556,0],[254,0],[58,0]]]
[8,[0],	[[225,0],[86,0],[58,0]]]
[9,[0],	[[512,0],[601,0],[162,0],[396,0]]]
[10,[0],	[[316,0],[539,0],[86,0],[270,0],[58,0],[441,0],[14,0],[421,0],[498,0],[147,0],[89,0],[247,0],[488,0],[461,0],[207,0],[39,0],[100,0],[18,0],[274,0],[319,0],[482,0]]]
[11,[0],	[[166,0],[539,0],[396,0],[362,0],[58,0],[474,0],[186,0],[174,0],[99,0],[462,0],[14,0],[601,0],[603,0],[325,0],[150,0],[459,0],[261,0],[541,0],[272,0],[363,0],[354,0],[316,0],[375,0],[501,0],[393,0],[247,0],[88,0],[22,0],[48,0],[326,0],[550,0],[549,0],[175,0],[371,0],[156,0],[538,0],[319,0],[527,0],[53,0],[13,0],[533,0],[499,0],[399,0],[524,0],[233,0],[451,0],[370,0],[244,0],[306,0],[304,0],[460,0],[28,0],[125,0],[218,0],[35,0],[131,0],[351,0],[195,0],[282,0],[211,0],[519,0],[390,0],[448,0],[139,0],[532,0],[205,0],[544,0]]]
[12,[0],	[[58,0]]]
[13,[0],	[[478,0],[539,0],[86,0],[362,0],[58,0],[182,0],[14,0],[450,0],[601,0],[325,0],[421,0],[261,0],[541,0],[272,0],[30,0],[316,0],[375,0],[501,0],[393,0],[89,0],[247,0],[166,0],[88,0],[258,0],[22,0],[43,0],[550,0],[511,0],[11,0],[175,0],[371,0],[527,0],[53,0],[533,0],[524,0],[451,0],[370,0],[306,0],[304,0],[36,0],[35,0],[183,0],[211,0],[390,0],[448,0],[506,0],[139,0],[194,0]]]
[14,[0],	[[301,0],[539,0],[477,0],[396,0],[77,0],[556,0],[86,0],[362,0],[58,0],[474,0],[385,0],[330,0],[186,0],[441,0],[104,0],[182,0],[462,0],[103,0],[273,0],[450,0],[601,0],[200,0],[603,0],[325,0],[150,0],[548,0],[421,0],[459,0],[261,0],[600,0],[449,0],[592,0],[541,0],[272,0],[30,0],[283,0],[363,0],[184,0],[498,0],[354,0],[316,0],[375,0],[72,0],[297,0],[517,0],[501,0],[393,0],[340,0],[89,0],[247,0],[166,0],[88,0],[276,0],[338,0],[196,0],[478,0],[22,0],[528,0],[415,0],[285,0],[48,0],[326,0],[43,0],[424,0],[488,0],[178,0],[45,0],[133,0],[311,0],[550,0],[431,0],[98,0],[461,0],[140,0],[123,0],[199,0],[207,0],[434,0],[39,0],[46,0],[49,0],[11,0],[132,0],[175,0],[594,0],[371,0],[156,0],[290,0],[100,0],[80,0],[10,0],[319,0],[97,0],[527,0],[53,0],[406,0],[13,0],[533,0],[480,0],[143,0],[399,0],[524,0],[305,0],[245,0],[451,0],[342,0],[370,0],[117,0],[244,0],[306,0],[391,0],[154,0],[482,0],[176,0],[304,0],[341,0],[357,0],[352,0],[96,0],[460,0],[15,0],[570,0],[125,0],[218,0],[35,0],[255,0],[537,0],[289,0],[561,0],[211,0],[565,0],[606,0],[185,0],[475,0],[518,0],[50,0],[425,0],[92,0],[5,0],[194,0],[295,0],[113,0],[532,0],[69,0],[317,0],[447,0],[395,0],[604,0],[3,0]]]
[15,[0],	[[14,0],[43,0],[45,0],[175,0],[305,0],[306,0],[357,0],[289,0],[58,0],[532,0],[498,0]]]
[16,[0],	[[47,0],[586,0],[213,0],[58,0],[407,0],[579,0],[601,0],[325,0],[316,0],[375,0],[512,0]]]
[17,[0],	[[309,0],[588,0],[388,0],[56,0],[287,0],[494,0],[557,0],[589,0],[192,0],[586,0]]]
[18,[0],	[[86,0],[362,0],[58,0],[601,0],[200,0],[120,0],[421,0],[541,0],[272,0],[283,0],[316,0],[375,0],[501,0],[247,0],[478,0],[100,0],[274,0],[10,0],[28,0],[476,0]]]
[19,[0],	[[232,0],[303,0],[58,0]]]
[20,[0],	[[58,0]]]
[21,[0],	[[58,0]]]
[22,[0],	[[319,0],[27,0],[539,0],[396,0],[556,0],[86,0],[362,0],[58,0],[474,0],[186,0],[174,0],[441,0],[99,0],[182,0],[462,0],[103,0],[14,0],[450,0],[601,0],[200,0],[603,0],[325,0],[150,0],[548,0],[421,0],[459,0],[261,0],[541,0],[272,0],[30,0],[363,0],[184,0],[498,0],[354,0],[316,0],[375,0],[297,0],[501,0],[393,0],[247,0],[166,0],[88,0],[258,0],[478,0],[285,0],[48,0],[326,0],[43,0],[488,0],[45,0],[550,0],[431,0],[98,0],[463,0],[199,0],[207,0],[549,0],[49,0],[11,0],[175,0],[371,0],[454,0],[156,0],[290,0],[217,0],[538,0],[527,0],[53,0],[452,0],[359,0],[380,0],[439,0],[13,0],[533,0],[143,0],[499,0],[399,0],[524,0],[233,0],[451,0],[370,0],[547,0],[244,0],[306,0],[304,0],[129,0],[341,0],[82,0],[460,0],[28,0],[84,0],[165,0],[125,0],[218,0],[35,0],[131,0],[351,0],[7,0],[255,0],[195,0],[493,0],[282,0],[402,0],[561,0],[211,0],[575,0],[606,0],[519,0],[147,0],[215,0],[475,0],[518,0],[158,0],[390,0],[448,0],[506,0],[139,0],[532,0],[121,0],[205,0],[193,0],[544,0],[489,0],[90,0]]]
[23,[0],	[[58,0],[252,0],[332,0],[566,0],[432,0],[25,0]]]
[24,[0],	[[58,0]]]
[25,[0],	[[58,0],[23,0],[332,0],[566,0]]]
[26,[0],	[[551,0],[86,0],[58,0],[171,0],[321,0]]]
[27,[0],	[[412,0],[573,0],[162,0],[477,0],[309,0],[362,0],[270,0],[407,0],[387,0],[441,0],[182,0],[601,0],[603,0],[22,0]]]
[28,[0],	[[58,0],[362,0],[272,0],[375,0],[247,0],[22,0],[11,0],[175,0],[538,0],[53,0],[305,0],[306,0],[18,0],[460,0],[218,0],[35,0],[131,0],[211,0],[545,0]]]
[29,[0],	[[539,0],[254,0],[587,0],[270,0],[388,0],[221,0],[293,0],[95,0],[216,0],[272,0],[460,0],[576,0],[430,0],[32,0]]]
[30,[0],	[[211,0],[477,0],[396,0],[362,0],[58,0],[474,0],[385,0],[186,0],[441,0],[182,0],[103,0],[14,0],[450,0],[601,0],[200,0],[180,0],[603,0],[598,0],[548,0],[421,0],[261,0],[541,0],[272,0],[283,0],[363,0],[498,0],[354,0],[316,0],[72,0],[416,0],[308,0],[501,0],[393,0],[340,0],[247,0],[88,0],[258,0],[478,0],[22,0],[528,0],[415,0],[202,0],[45,0],[311,0],[98,0],[39,0],[46,0],[299,0],[175,0],[156,0],[290,0],[274,0],[210,0],[453,0],[527,0],[53,0],[13,0],[533,0],[499,0],[524,0],[233,0],[370,0],[507,0],[176,0],[219,0],[352,0],[35,0],[351,0],[379,0],[255,0],[106,0],[289,0],[561,0],[201,0],[565,0],[226,0],[158,0],[57,0],[190,0],[390,0],[139,0],[532,0],[205,0]]]
[31,[0],	[[58,0]]]
[32,[0],	[[29,0],[576,0],[254,0],[388,0],[272,0]]]
[33,[0],	[[58,0]]]
[34,[0],	[[58,0],[68,0]]]
[35,[0],	[[233,0],[86,0],[362,0],[58,0],[474,0],[186,0],[99,0],[14,0],[601,0],[603,0],[150,0],[261,0],[272,0],[30,0],[375,0],[247,0],[166,0],[88,0],[22,0],[48,0],[326,0],[45,0],[550,0],[549,0],[11,0],[175,0],[371,0],[527,0],[53,0],[13,0],[533,0],[143,0],[499,0],[524,0],[451,0],[370,0],[244,0],[306,0],[304,0],[460,0],[28,0],[125,0],[218,0],[131,0],[255,0],[195,0],[282,0],[561,0],[211,0],[565,0],[519,0],[390,0],[506,0],[139,0],[205,0]]]
[36,[0],	[[86,0],[58,0],[601,0],[421,0],[261,0],[541,0],[501,0],[89,0],[43,0],[140,0],[371,0],[53,0],[13,0],[460,0],[383,0]]]
[37,[0],	[[58,0],[568,0]]]
[38,[0],	[[58,0],[272,0]]]
[39,[0],	[[255,0],[539,0],[396,0],[77,0],[86,0],[58,0],[474,0],[385,0],[186,0],[174,0],[441,0],[182,0],[14,0],[450,0],[601,0],[200,0],[603,0],[421,0],[459,0],[272,0],[30,0],[363,0],[184,0],[498,0],[354,0],[316,0],[375,0],[517,0],[247,0],[478,0],[528,0],[415,0],[48,0],[488,0],[45,0],[133,0],[98,0],[461,0],[207,0],[549,0],[46,0],[49,0],[299,0],[274,0],[10,0],[53,0],[406,0],[240,0],[480,0],[355,0],[305,0],[117,0],[244,0],[507,0],[352,0],[148,0],[96,0],[106,0],[289,0],[561,0],[201,0],[565,0],[606,0],[105,0],[558,0],[190,0]]]
[40,[0],	[[58,0]]]
[41,[0],	[[58,0]]]
[42,[0],	[[58,0]]]
[43,[0],	[[22,0],[396,0],[77,0],[362,0],[248,0],[58,0],[385,0],[174,0],[441,0],[462,0],[14,0],[603,0],[325,0],[421,0],[459,0],[261,0],[541,0],[184,0],[316,0],[393,0],[196,0],[249,0],[285,0],[48,0],[424,0],[488,0],[45,0],[116,0],[199,0],[46,0],[49,0],[594,0],[100,0],[319,0],[210,0],[13,0],[533,0],[482,0],[446,0],[36,0],[352,0],[82,0],[15,0]]]
[44,[0],	[[58,0],[595,0]]]
[45,[0],	[[180,0],[539,0],[476,0],[396,0],[587,0],[362,0],[270,0],[58,0],[385,0],[221,0],[186,0],[441,0],[462,0],[14,0],[450,0],[601,0],[200,0],[603,0],[325,0],[421,0],[541,0],[272,0],[30,0],[184,0],[498,0],[354,0],[316,0],[517,0],[501,0],[340,0],[247,0],[166,0],[88,0],[276,0],[338,0],[22,0],[528,0],[415,0],[285,0],[48,0],[326,0],[43,0],[133,0],[431,0],[98,0],[123,0],[549,0],[39,0],[46,0],[511,0],[371,0],[290,0],[319,0],[53,0],[406,0],[439,0],[355,0],[305,0],[268,0],[244,0],[306,0],[507,0],[446,0],[341,0],[400,0],[357,0],[82,0],[15,0],[35,0],[255,0],[493,0],[106,0],[289,0],[561,0],[201,0],[226,0],[606,0],[158,0],[105,0],[558,0],[532,0]]]
[46,[0],	[[226,0],[396,0],[77,0],[362,0],[58,0],[474,0],[385,0],[186,0],[174,0],[441,0],[103,0],[14,0],[450,0],[200,0],[120,0],[603,0],[325,0],[421,0],[541,0],[272,0],[30,0],[375,0],[517,0],[501,0],[247,0],[415,0],[118,0],[48,0],[326,0],[43,0],[45,0],[133,0],[98,0],[549,0],[39,0],[355,0],[507,0],[82,0],[493,0],[561,0],[201,0],[565,0],[606,0],[519,0],[105,0],[558,0]]]
[47,[0],	[[412,0],[428,0],[512,0],[309,0],[586,0],[382,0],[213,0],[394,0],[248,0],[220,0],[58,0],[457,0],[387,0],[56,0],[440,0],[427,0],[579,0],[16,0],[403,0],[601,0],[325,0],[573,0],[421,0],[375,0],[207,0],[156,0],[533,0],[162,0]]]
[48,[0],	[[11,0],[539,0],[396,0],[556,0],[362,0],[270,0],[58,0],[474,0],[385,0],[186,0],[174,0],[441,0],[462,0],[14,0],[450,0],[601,0],[603,0],[325,0],[150,0],[421,0],[459,0],[261,0],[541,0],[272,0],[283,0],[363,0],[184,0],[610,0],[498,0],[354,0],[375,0],[501,0],[393,0],[88,0],[478,0],[22,0],[415,0],[326,0],[43,0],[45,0],[133,0],[98,0],[463,0],[461,0],[116,0],[207,0],[549,0],[39,0],[46,0],[49,0],[175,0],[371,0],[454,0],[156,0],[533,0],[399,0],[524,0],[244,0],[306,0],[391,0],[507,0],[82,0],[460,0],[218,0],[35,0],[351,0],[7,0],[255,0],[606,0],[519,0],[185,0],[381,0],[147,0],[215,0],[81,0],[475,0]]]
[49,[0],	[[539,0],[396,0],[77,0],[86,0],[362,0],[248,0],[58,0],[474,0],[385,0],[441,0],[14,0],[601,0],[603,0],[421,0],[459,0],[541,0],[272,0],[363,0],[72,0],[501,0],[393,0],[196,0],[249,0],[22,0],[285,0],[48,0],[43,0],[424,0],[488,0],[461,0],[116,0],[199,0],[39,0],[175,0],[594,0],[100,0],[319,0],[210,0],[53,0],[406,0],[439,0],[399,0],[52,0],[306,0],[154,0],[482,0],[446,0],[188,0],[82,0],[234,0],[215,0]]]
[50,[0],	[[14,0],[58,0],[385,0],[603,0],[421,0],[272,0],[184,0],[297,0],[247,0],[338,0],[528,0],[488,0],[461,0],[53,0],[117,0],[335,0]]]
[51,[0],	[[186,0],[249,0],[319,0],[53,0],[605,0],[312,0],[164,0],[196,0],[58,0],[385,0]]]
[52,[0],	[[196,0],[49,0],[319,0],[240,0],[601,0],[305,0],[539,0],[58,0],[188,0]]]
[53,[0],	[[399,0],[278,0],[539,0],[86,0],[362,0],[58,0],[474,0],[385,0],[225,0],[186,0],[99,0],[104,0],[182,0],[14,0],[450,0],[601,0],[603,0],[421,0],[261,0],[541,0],[272,0],[30,0],[498,0],[316,0],[375,0],[501,0],[393,0],[247,0],[166,0],[88,0],[478,0],[22,0],[415,0],[488,0],[45,0],[133,0],[116,0],[199,0],[39,0],[49,0],[11,0],[175,0],[538,0],[319,0],[527,0],[452,0],[359,0],[380,0],[406,0],[439,0],[13,0],[143,0],[499,0],[524,0],[233,0],[305,0],[451,0],[370,0],[117,0],[306,0],[482,0],[176,0],[304,0],[349,0],[605,0],[300,0],[36,0],[352,0],[96,0],[460,0],[28,0],[218,0],[35,0],[131,0],[351,0],[255,0],[195,0],[493,0],[137,0],[51,0],[520,0],[414,0],[289,0],[282,0],[561,0],[211,0],[575,0],[50,0],[164,0],[139,0],[194,0],[532,0],[205,0],[250,0],[323,0],[373,0]]]
[54,[0],	[[58,0],[285,0],[311,0],[286,0],[421,0]]]
[55,[0],	[[58,0],[234,0]]]
[56,[0],	[[287,0],[573,0],[47,0],[309,0],[586,0],[588,0],[388,0],[440,0],[17,0],[494,0],[557,0],[427,0],[589,0],[192,0]]]
[57,[0],	[[58,0],[441,0],[30,0],[88,0],[299,0],[370,0],[352,0]]]
[58,[0],	[[248,0],[278,0],[539,0],[47,0],[477,0],[476,0],[583,0],[396,0],[542,0],[569,0],[77,0],[512,0],[203,0],[556,0],[309,0],[213,0],[86,0],[362,0],[394,0],[220,0],[473,0],[474,0],[385,0],[330,0],[388,0],[387,0],[225,0],[60,0],[440,0],[275,0],[197,0],[186,0],[174,0],[441,0],[99,0],[73,0],[182,0],[16,0],[462,0],[103,0],[55,0],[502,0],[403,0],[273,0],[14,0],[4,0],[450,0],[601,0],[200,0],[120,0],[189,0],[153,0],[79,0],[318,0],[180,0],[603,0],[325,0],[150,0],[598,0],[548,0],[589,0],[421,0],[459,0],[564,0],[261,0],[600,0],[449,0],[592,0],[541,0],[272,0],[30,0],[94,0],[283,0],[184,0],[610,0],[498,0],[347,0],[354,0],[316,0],[375,0],[292,0],[334,0],[72,0],[297,0],[308,0],[366,0],[517,0],[501,0],[529,0],[336,0],[393,0],[340,0],[89,0],[247,0],[166,0],[88,0],[276,0],[338,0],[196,0],[249,0],[258,0],[478,0],[22,0],[528,0],[38,0],[415,0],[223,0],[492,0],[567,0],[202,0],[285,0],[48,0],[326,0],[43,0],[424,0],[488,0],[178,0],[45,0],[133,0],[311,0],[550,0],[431,0],[98,0],[461,0],[140,0],[116,0],[123,0],[199,0],[207,0],[434,0],[549,0],[39,0],[46,0],[511,0],[49,0],[11,0],[299,0],[132,0],[594,0],[371,0],[454,0],[156,0],[100,0],[171,0],[217,0],[274,0],[554,0],[209,0],[65,0],[63,0],[314,0],[466,0],[80,0],[157,0],[422,0],[538,0],[10,0],[319,0],[210,0],[97,0],[453,0],[527,0],[53,0],[240,0],[13,0],[280,0],[480,0],[143,0],[499,0],[399,0],[524,0],[355,0],[233,0],[305,0],[245,0],[451,0],[342,0],[301,0],[370,0],[268,0],[547,0],[52,0],[170,0],[117,0],[244,0],[306,0],[391,0],[507,0],[611,0],[1,0],[320,0],[154,0],[208,0],[436,0],[376,0],[236,0],[160,0],[482,0],[176,0],[446,0],[304,0],[523,0],[126,0],[257,0],[349,0],[605,0],[129,0],[188,0],[324,0],[62,0],[187,0],[341,0],[264,0],[400,0],[386,0],[361,0],[339,0],[214,0],[74,0],[438,0],[300,0],[328,0],[18,0],[36,0],[219,0],[357,0],[232,0],[85,0],[352,0],[148,0],[96,0],[82,0],[568,0],[460,0],[383,0],[418,0],[112,0],[119,0],[329,0],[426,0],[585,0],[430,0],[15,0],[28,0],[486,0],[84,0],[128,0],[168,0],[570,0],[312,0],[500,0],[179,0],[514,0],[411,0],[136,0],[165,0],[125,0],[218,0],[35,0],[131,0],[351,0],[146,0],[7,0],[169,0],[344,0],[553,0],[607,0],[66,0],[497,0],[417,0],[379,0],[152,0],[458,0],[255,0],[195,0],[493,0],[106,0],[183,0],[145,0],[137,0],[51,0],[537,0],[520,0],[377,0],[286,0],[414,0],[262,0],[289,0],[282,0],[402,0],[561,0],[211,0],[575,0],[201,0],[565,0],[234,0],[346,0],[163,0],[226,0],[263,0],[606,0],[519,0],[185,0],[381,0],[147,0],[215,0],[81,0],[475,0],[518,0],[158,0],[105,0],[558,0],[50,0],[57,0],[425,0],[333,0],[279,0],[190,0],[294,0],[92,0],[560,0],[353,0],[296,0],[164,0],[5,0],[390,0],[448,0],[506,0],[139,0],[194,0],[291,0],[295,0],[113,0],[54,0],[532,0],[121,0],[205,0],[193,0],[544,0],[489,0],[90,0],[545,0],[224,0],[237,0],[83,0],[389,0],[256,0],[172,0],[419,0],[250,0],[323,0],[373,0],[238,0],[521,0],[69,0],[317,0],[267,0],[447,0],[491,0],[227,0],[101,0],[229,0],[115,0],[395,0],[604,0],[3,0],[429,0],[372,0],[590,0],[343,0],[582,0],[413,0],[445,0],[138,0],[242,0],[135,0],[536,0],[303,0],[19,0],[269,0],[161,0],[8,0],[496,0],[321,0],[26,0],[551,0],[358,0],[374,0],[102,0],[87,0],[578,0],[404,0],[470,0],[241,0],[513,0],[108,0],[331,0],[432,0],[252,0],[23,0],[367,0],[265,0],[271,0],[332,0],[566,0],[25,0],[443,0],[505,0],[235,0],[310,0],[191,0],[401,0],[483,0],[543,0],[31,0],[251,0],[348,0],[70,0],[142,0],[12,0],[599,0],[581,0],[127,0],[198,0],[408,0],[327,0],[392,0],[503,0],[313,0],[364,0],[71,0],[456,0],[322,0],[464,0],[580,0],[593,0],[68,0],[34,0],[76,0],[487,0],[555,0],[335,0],[149,0],[469,0],[423,0],[572,0],[468,0],[410,0],[2,0],[222,0],[109,0],[315,0],[485,0],[526,0],[21,0],[110,0],[345,0],[243,0],[228,0],[91,0],[584,0],[442,0],[510,0],[284,0],[155,0],[75,0],[173,0],[41,0],[67,0],[563,0],[531,0],[378,0],[141,0],[281,0],[525,0],[504,0],[44,0],[595,0],[437,0],[509,0],[597,0],[61,0],[609,0],[465,0],[420,0],[277,0],[490,0],[204,0],[159,0],[20,0],[212,0],[516,0],[298,0],[471,0],[130,0],[369,0],[107,0],[93,0],[522,0],[6,0],[467,0],[206,0],[455,0],[239,0],[24,0],[435,0],[181,0],[608,0],[596,0],[151,0],[534,0],[231,0],[552,0],[33,0],[602,0],[350,0],[124,0],[515,0],[37,0],[288,0],[484,0],[40,0],[577,0],[479,0],[562,0],[122,0],[42,0],[337,0],[253,0],[384,0],[495,0],[574,0],[246,0],[167,0],[177,0],[59,0],[409,0],[368,0],[559,0]]]
[59,[0],	[[409,0],[58,0]]]
[60,[0],	[[233,0],[58,0],[225,0],[601,0]]]
[61,[0],	[[58,0],[609,0]]]
[62,[0],	[[77,0],[58,0],[385,0],[160,0]]]
[63,[0],	[[528,0],[309,0],[586,0],[58,0],[385,0],[287,0]]]
[64,[0],	[[457,0],[530,0],[388,0],[114,0],[405,0],[307,0]]]
[65,[0],	[[232,0],[58,0]]]
[66,[0],	[[58,0],[392,0],[503,0]]]
[67,[0],	[[58,0]]]
[68,[0],	[[58,0],[34,0]]]
[69,[0],	[[138,0],[58,0],[14,0],[272,0],[316,0],[521,0],[445,0]]]
[70,[0],	[[58,0]]]
[71,[0],	[[58,0],[313,0],[364,0]]]
[72,[0],	[[219,0],[477,0],[77,0],[58,0],[385,0],[14,0],[450,0],[459,0],[261,0],[272,0],[30,0],[340,0],[196,0],[49,0],[594,0],[446,0],[352,0],[165,0],[561,0],[565,0],[226,0],[532,0]]]
[73,[0],	[[162,0],[203,0],[58,0],[421,0],[207,0],[554,0],[209,0]]]
[74,[0],	[[58,0],[214,0]]]
[75,[0],	[[58,0]]]
[76,[0],	[[58,0],[503,0]]]
[77,[0],	[[39,0],[396,0],[362,0],[58,0],[385,0],[441,0],[14,0],[450,0],[603,0],[421,0],[459,0],[72,0],[340,0],[276,0],[196,0],[249,0],[285,0],[43,0],[431,0],[46,0],[511,0],[49,0],[594,0],[100,0],[319,0],[210,0],[406,0],[436,0],[376,0],[236,0],[160,0],[482,0],[176,0],[446,0],[304,0],[523,0],[126,0],[257,0],[349,0],[605,0],[129,0],[188,0],[324,0],[62,0]]]
[78,[0],	[[601,0],[272,0],[567,0]]]
[79,[0],	[[58,0],[387,0],[460,0],[383,0],[106,0],[183,0]]]
[80,[0],	[[14,0],[162,0],[248,0],[58,0],[536,0]]]
[81,[0],	[[58,0],[388,0],[601,0],[603,0],[184,0],[48,0],[549,0],[475,0],[544,0],[489,0],[419,0]]]
[82,[0],	[[48,0],[58,0],[474,0],[186,0],[441,0],[272,0],[363,0],[354,0],[276,0],[22,0],[528,0],[43,0],[45,0],[98,0],[461,0],[199,0],[549,0],[46,0],[49,0],[100,0]]]
[83,[0],	[[541,0],[272,0],[454,0],[533,0],[58,0],[306,0],[460,0],[519,0]]]
[84,[0],	[[22,0],[254,0],[362,0],[58,0],[258,0],[346,0]]]
[85,[0],	[[270,0],[58,0],[441,0],[601,0],[375,0],[196,0],[549,0],[126,0],[148,0],[96,0],[520,0]]]
[86,[0],	[[396,0],[539,0],[477,0],[254,0],[587,0],[362,0],[270,0],[58,0],[385,0],[225,0],[221,0],[441,0],[462,0],[273,0],[14,0],[601,0],[200,0],[120,0],[603,0],[548,0],[421,0],[459,0],[261,0],[592,0],[541,0],[272,0],[283,0],[184,0],[610,0],[498,0],[354,0],[316,0],[375,0],[292,0],[297,0],[501,0],[393,0],[340,0],[89,0],[247,0],[88,0],[196,0],[478,0],[22,0],[285,0],[424,0],[488,0],[431,0],[461,0],[140,0],[116,0],[207,0],[39,0],[49,0],[156,0],[100,0],[171,0],[466,0],[538,0],[10,0],[319,0],[97,0],[527,0],[53,0],[406,0],[13,0],[480,0],[143,0],[499,0],[399,0],[524,0],[233,0],[305,0],[245,0],[451,0],[342,0],[301,0],[370,0],[547,0],[117,0],[244,0],[306,0],[391,0],[482,0],[304,0],[18,0],[36,0],[430,0],[570,0],[35,0],[255,0],[493,0],[537,0],[520,0],[561,0],[606,0],[475,0],[518,0],[5,0],[506,0],[139,0],[194,0],[291,0],[205,0],[256,0],[317,0],[447,0],[395,0],[8,0],[496,0],[321,0],[26,0],[551,0]]]
[87,[0],	[[234,0],[58,0]]]
[88,[0],	[[133,0],[539,0],[396,0],[512,0],[86,0],[362,0],[58,0],[474,0],[275,0],[186,0],[441,0],[462,0],[14,0],[601,0],[200,0],[603,0],[325,0],[548,0],[421,0],[459,0],[261,0],[541,0],[272,0],[30,0],[363,0],[354,0],[316,0],[375,0],[297,0],[517,0],[501,0],[393,0],[340,0],[247,0],[166,0],[258,0],[22,0],[48,0],[488,0],[45,0],[550,0],[98,0],[207,0],[434,0],[549,0],[11,0],[175,0],[371,0],[156,0],[290,0],[527,0],[53,0],[439,0],[13,0],[533,0],[499,0],[524,0],[233,0],[451,0],[370,0],[306,0],[304,0],[460,0],[329,0],[218,0],[35,0],[351,0],[255,0],[195,0],[282,0],[561,0],[211,0],[575,0],[201,0],[606,0],[57,0],[390,0],[506,0],[121,0],[205,0]]]
[89,[0],	[[498,0],[539,0],[396,0],[86,0],[362,0],[58,0],[14,0],[601,0],[603,0],[421,0],[459,0],[261,0],[316,0],[375,0],[501,0],[393,0],[247,0],[488,0],[371,0],[10,0],[527,0],[13,0],[499,0],[399,0],[233,0],[451,0],[370,0],[36,0],[447,0]]]
[90,[0],	[[7,0],[556,0],[519,0],[150,0],[518,0],[58,0],[272,0],[22,0],[218,0]]]
[91,[0],	[[58,0]]]
[92,[0],	[[498,0],[58,0],[474,0],[385,0],[14,0],[603,0],[261,0],[272,0],[297,0],[247,0],[338,0],[528,0],[488,0],[133,0],[264,0],[361,0],[112,0]]]
[93,[0],	[[58,0]]]
[94,[0],	[[477,0],[396,0],[248,0],[58,0],[347,0]]]
[95,[0],	[[171,0],[254,0],[270,0],[388,0],[221,0],[29,0],[360,0],[179,0]]]
[96,[0],	[[58,0],[385,0],[14,0],[601,0],[272,0],[316,0],[196,0],[249,0],[528,0],[488,0],[39,0],[299,0],[594,0],[319,0],[210,0],[53,0],[406,0],[240,0],[117,0],[154,0],[482,0],[176,0],[126,0],[219,0],[85,0],[352,0],[148,0],[289,0],[229,0],[284,0],[509,0]]]
[97,[0],	[[539,0],[86,0],[58,0],[14,0],[283,0]]]
[98,[0],	[[441,0],[396,0],[362,0],[248,0],[58,0],[474,0],[385,0],[186,0],[182,0],[14,0],[450,0],[601,0],[200,0],[603,0],[421,0],[541,0],[272,0],[30,0],[363,0],[498,0],[517,0],[247,0],[88,0],[22,0],[415,0],[202,0],[285,0],[48,0],[45,0],[133,0],[39,0],[46,0],[439,0],[355,0],[305,0],[507,0],[82,0],[329,0],[289,0],[226,0],[606,0]]]
[99,[0],	[[58,0],[150,0],[421,0],[272,0],[247,0],[22,0],[488,0],[11,0],[100,0],[53,0],[370,0],[35,0],[512,0]]]
[100,[0],	[[354,0],[539,0],[396,0],[77,0],[86,0],[362,0],[58,0],[441,0],[99,0],[462,0],[14,0],[421,0],[459,0],[340,0],[196,0],[249,0],[478,0],[415,0],[285,0],[43,0],[461,0],[140,0],[49,0],[132,0],[274,0],[10,0],[319,0],[406,0],[533,0],[482,0],[18,0],[82,0],[537,0]]]
[101,[0],	[[58,0],[297,0]]]
[102,[0],	[[58,0],[234,0]]]
[103,[0],	[[258,0],[539,0],[396,0],[362,0],[248,0],[58,0],[474,0],[441,0],[462,0],[14,0],[450,0],[598,0],[548,0],[421,0],[459,0],[541,0],[30,0],[283,0],[316,0],[393,0],[247,0],[276,0],[22,0],[415,0],[207,0],[46,0],[132,0],[527,0],[533,0],[224,0]]]
[104,[0],	[[591,0],[14,0],[601,0],[362,0],[512,0],[247,0],[53,0],[270,0]]]
[105,[0],	[[362,0],[58,0],[45,0],[39,0],[46,0],[507,0],[558,0]]]
[106,[0],	[[79,0],[362,0],[58,0],[387,0],[30,0],[45,0],[39,0],[460,0],[383,0],[183,0],[201,0],[606,0]]]
[107,[0],	[[58,0],[179,0],[369,0]]]
[108,[0],	[[58,0]]]
[109,[0],	[[58,0]]]
[110,[0],	[[58,0]]]
[111,[0],	[[573,0],[512,0],[407,0],[601,0]]]
[112,[0],	[[352,0],[58,0],[174,0],[488,0],[133,0],[289,0],[92,0]]]
[113,[0],	[[421,0],[14,0],[316,0],[58,0]]]
[114,[0],	[[293,0],[309,0],[530,0],[457,0],[388,0],[387,0],[216,0],[405,0],[64,0],[307,0]]]
[115,[0],	[[58,0],[305,0],[352,0],[289,0]]]
[116,[0],	[[396,0],[539,0],[86,0],[58,0],[174,0],[441,0],[462,0],[421,0],[272,0],[297,0],[501,0],[48,0],[43,0],[133,0],[461,0],[49,0],[53,0],[244,0],[482,0],[446,0]]]
[117,[0],	[[498,0],[539,0],[86,0],[58,0],[186,0],[14,0],[601,0],[421,0],[272,0],[316,0],[375,0],[247,0],[424,0],[488,0],[39,0],[319,0],[53,0],[452,0],[359,0],[380,0],[406,0],[480,0],[399,0],[305,0],[245,0],[349,0],[352,0],[148,0],[96,0],[460,0],[289,0],[50,0],[194,0],[532,0],[335,0]]]
[118,[0],	[[396,0],[362,0],[441,0],[601,0],[603,0],[325,0],[421,0],[415,0],[202,0],[285,0],[133,0],[46,0],[208,0],[539,0]]]
[119,[0],	[[608,0],[153,0],[280,0],[58,0]]]
[120,[0],	[[18,0],[539,0],[382,0],[86,0],[58,0],[427,0],[441,0],[601,0],[200,0],[272,0],[316,0],[501,0],[46,0],[499,0],[233,0],[194,0]]]
[121,[0],	[[529,0],[88,0],[58,0],[22,0],[434,0],[527,0],[570,0],[497,0],[195,0],[205,0]]]
[122,[0],	[[58,0],[434,0],[497,0]]]
[123,[0],	[[58,0],[396,0],[362,0],[441,0],[462,0],[14,0],[325,0],[421,0],[459,0],[498,0],[501,0],[276,0],[415,0],[285,0],[45,0],[158,0]]]
[124,[0],	[[58,0]]]
[125,[0],	[[58,0],[14,0],[601,0],[150,0],[272,0],[22,0],[326,0],[488,0],[11,0],[143,0],[218,0],[35,0],[205,0]]]
[126,[0],	[[160,0],[431,0],[77,0],[176,0],[58,0],[436,0],[85,0],[148,0],[96,0]]]
[127,[0],	[[58,0]]]
[128,[0],	[[58,0],[601,0],[316,0],[168,0],[560,0],[343,0]]]
[129,[0],	[[161,0],[77,0],[362,0],[58,0],[196,0],[249,0],[22,0],[319,0],[482,0],[349,0],[605,0]]]
[130,[0],	[[58,0]]]
[131,[0],	[[362,0],[58,0],[272,0],[375,0],[166,0],[22,0],[549,0],[11,0],[175,0],[319,0],[53,0],[143,0],[524,0],[244,0],[306,0],[482,0],[349,0],[460,0],[28,0],[165,0],[218,0],[35,0],[282,0]]]
[132,[0],	[[170,0],[539,0],[396,0],[362,0],[58,0],[462,0],[103,0],[14,0],[548,0],[421,0],[459,0],[610,0],[316,0],[297,0],[285,0],[207,0],[100,0]]]
[133,[0],	[[396,0],[362,0],[58,0],[385,0],[186,0],[174,0],[441,0],[462,0],[14,0],[603,0],[272,0],[375,0],[297,0],[517,0],[247,0],[88,0],[338,0],[528,0],[415,0],[223,0],[118,0],[285,0],[48,0],[488,0],[45,0],[98,0],[116,0],[39,0],[46,0],[511,0],[53,0],[439,0],[355,0],[341,0],[112,0],[255,0],[92,0]]]
[134,[0],	[[254,0],[587,0],[270,0],[388,0],[221,0],[293,0],[216,0],[259,0],[405,0],[360,0]]]
[135,[0],	[[309,0],[473,0],[58,0],[234,0]]]
[136,[0],	[[309,0],[473,0],[58,0],[440,0],[403,0]]]
[137,[0],	[[512,0],[58,0],[601,0],[272,0],[247,0],[53,0]]]
[138,[0],	[[58,0],[316,0],[69,0],[445,0]]]
[139,[0],	[[326,0],[86,0],[362,0],[58,0],[186,0],[182,0],[601,0],[272,0],[30,0],[316,0],[375,0],[247,0],[22,0],[11,0],[175,0],[527,0],[53,0],[13,0],[399,0],[524,0],[233,0],[451,0],[306,0],[352,0],[35,0],[211,0],[519,0],[194,0]]]
[140,[0],	[[86,0],[394,0],[248,0],[58,0],[441,0],[462,0],[396,0],[14,0],[421,0],[539,0],[498,0],[247,0],[196,0],[285,0],[178,0],[431,0],[100,0],[319,0],[482,0],[36,0]]]
[141,[0],	[[58,0]]]
[142,[0],	[[58,0]]]
[143,[0],	[[501,0],[539,0],[86,0],[58,0],[14,0],[150,0],[375,0],[166,0],[22,0],[488,0],[53,0],[439,0],[499,0],[547,0],[306,0],[125,0],[218,0],[35,0],[131,0],[195,0],[205,0]]]
[144,[0],	[[254,0],[270,0],[388,0],[387,0],[293,0],[216,0],[184,0]]]
[145,[0],	[[58,0],[387,0]]]
[146,[0],	[[248,0],[58,0],[366,0],[239,0]]]
[147,[0],	[[488,0],[556,0],[58,0],[603,0],[150,0],[421,0],[272,0],[22,0],[48,0],[326,0],[454,0],[10,0],[460,0],[519,0]]]
[148,[0],	[[58,0],[196,0],[249,0],[488,0],[39,0],[406,0],[117,0],[154,0],[482,0],[126,0],[85,0],[96,0],[509,0],[272,0]]]
[149,[0],	[[58,0]]]
[150,[0],	[[326,0],[396,0],[556,0],[58,0],[385,0],[441,0],[99,0],[462,0],[14,0],[603,0],[421,0],[272,0],[247,0],[478,0],[22,0],[48,0],[488,0],[207,0],[11,0],[533,0],[143,0],[244,0],[460,0],[165,0],[125,0],[218,0],[35,0],[351,0],[519,0],[147,0],[506,0],[295,0],[90,0]]]
[151,[0],	[[58,0],[470,0]]]
[152,[0],	[[58,0],[199,0],[422,0],[349,0],[458,0],[414,0]]]
[153,[0],	[[58,0],[189,0],[280,0],[119,0]]]
[154,[0],	[[96,0],[248,0],[58,0],[14,0],[272,0],[488,0],[49,0],[594,0],[319,0],[406,0],[482,0],[176,0],[148,0],[289,0],[532,0],[509,0]]]
[155,[0],	[[58,0]]]
[156,[0],	[[47,0],[396,0],[86,0],[362,0],[58,0],[474,0],[186,0],[441,0],[14,0],[450,0],[601,0],[325,0],[548,0],[421,0],[459,0],[261,0],[541,0],[272,0],[30,0],[283,0],[363,0],[539,0],[297,0],[501,0],[393,0],[340,0],[247,0],[88,0],[478,0],[22,0],[415,0],[48,0],[326,0],[463,0],[207,0],[11,0],[175,0],[527,0],[533,0],[524,0],[306,0],[507,0],[460,0],[570,0],[218,0],[351,0],[519,0],[489,0]]]
[157,[0],	[[58,0]]]
[158,[0],	[[545,0],[362,0],[58,0],[474,0],[441,0],[462,0],[601,0],[603,0],[325,0],[548,0],[30,0],[184,0],[501,0],[276,0],[22,0],[45,0],[550,0],[123,0],[207,0],[453,0],[451,0],[561,0],[532,0],[172,0],[429,0],[372,0],[590,0]]]
[159,[0],	[[58,0]]]
[160,[0],	[[77,0],[58,0],[385,0],[196,0],[249,0],[431,0],[210,0],[436,0],[376,0],[236,0],[176,0],[126,0],[324,0],[62,0]]]
[161,[0],	[[58,0],[311,0],[605,0],[129,0],[312,0],[286,0],[358,0]]]
[162,[0],	[[583,0],[278,0],[27,0],[398,0],[591,0],[412,0],[573,0],[539,0],[47,0],[477,0],[476,0],[540,0],[557,0],[427,0],[275,0],[186,0],[73,0],[502,0],[601,0],[592,0],[308,0],[336,0],[9,0],[466,0],[80,0]]]
[163,[0],	[[607,0],[58,0]]]
[164,[0],	[[58,0],[385,0],[53,0],[605,0],[51,0]]]
[165,[0],	[[297,0],[58,0],[150,0],[72,0],[22,0],[223,0],[488,0],[210,0],[460,0],[131,0],[351,0],[289,0],[215,0]]]
[166,[0],	[[601,0],[539,0],[362,0],[58,0],[186,0],[182,0],[14,0],[200,0],[421,0],[459,0],[261,0],[541,0],[272,0],[316,0],[375,0],[393,0],[247,0],[88,0],[478,0],[22,0],[45,0],[550,0],[11,0],[175,0],[527,0],[53,0],[439,0],[13,0],[143,0],[451,0],[547,0],[329,0],[218,0],[35,0],[131,0],[255,0],[195,0],[282,0],[402,0],[561,0],[211,0],[575,0]]]
[167,[0],	[[58,0],[560,0]]]
[168,[0],	[[58,0],[601,0],[128,0],[560,0]]]
[169,[0],	[[58,0]]]
[170,[0],	[[58,0],[316,0],[539,0],[132,0],[594,0],[210,0],[406,0],[176,0]]]
[171,[0],	[[321,0],[58,0],[95,0],[26,0],[551,0],[86,0]]]
[172,[0],	[[158,0],[545,0],[429,0],[372,0],[590,0],[58,0]]]
[173,[0],	[[58,0]]]
[174,[0],	[[391,0],[540,0],[396,0],[254,0],[587,0],[362,0],[270,0],[58,0],[385,0],[221,0],[441,0],[462,0],[603,0],[421,0],[272,0],[498,0],[354,0],[297,0],[276,0],[22,0],[48,0],[326,0],[43,0],[488,0],[133,0],[116,0],[39,0],[46,0],[11,0],[399,0],[112,0],[215,0]]]
[175,[0],	[[396,0],[362,0],[186,0],[14,0],[450,0],[601,0],[603,0],[421,0],[541,0],[272,0],[30,0],[316,0],[375,0],[393,0],[247,0],[166,0],[88,0],[22,0],[48,0],[326,0],[550,0],[463,0],[199,0],[49,0],[11,0],[371,0],[156,0],[290,0],[319,0],[527,0],[53,0],[13,0],[533,0],[305,0],[370,0],[244,0],[482,0],[304,0],[460,0],[15,0],[28,0],[218,0],[35,0],[131,0],[195,0],[414,0],[289,0],[282,0],[561,0],[211,0],[565,0],[519,0],[390,0],[139,0]]]
[176,[0],	[[284,0],[77,0],[58,0],[385,0],[441,0],[14,0],[450,0],[603,0],[272,0],[30,0],[196,0],[249,0],[528,0],[488,0],[311,0],[431,0],[594,0],[53,0],[240,0],[170,0],[154,0],[436,0],[376,0],[160,0],[523,0],[126,0],[257,0],[324,0],[219,0],[352,0],[96,0],[289,0],[250,0],[229,0]]]
[177,[0],	[[58,0]]]
[178,[0],	[[462,0],[14,0],[603,0],[325,0],[498,0],[247,0],[276,0],[140,0],[290,0],[396,0],[362,0],[58,0]]]
[179,[0],	[[369,0],[107,0],[58,0],[95,0]]]
[180,[0],	[[362,0],[58,0],[182,0],[601,0],[272,0],[30,0],[247,0],[45,0],[290,0],[477,0]]]
[181,[0],	[[58,0]]]
[182,[0],	[[351,0],[27,0],[398,0],[591,0],[540,0],[396,0],[362,0],[58,0],[474,0],[186,0],[441,0],[14,0],[450,0],[601,0],[180,0],[421,0],[261,0],[541,0],[272,0],[30,0],[363,0],[184,0],[498,0],[316,0],[375,0],[297,0],[247,0],[166,0],[22,0],[472,0],[98,0],[39,0],[290,0],[274,0],[527,0],[53,0],[240,0],[13,0],[524,0],[507,0],[430,0],[570,0],[218,0],[255,0],[195,0],[575,0],[519,0],[518,0],[139,0],[194,0],[489,0]]]
[183,[0],	[[79,0],[362,0],[13,0],[533,0],[460,0],[383,0],[106,0],[506,0],[58,0],[387,0]]]
[184,[0],	[[375,0],[539,0],[477,0],[396,0],[86,0],[302,0],[362,0],[58,0],[385,0],[186,0],[441,0],[182,0],[14,0],[450,0],[601,0],[603,0],[325,0],[548,0],[421,0],[272,0],[498,0],[316,0],[292,0],[501,0],[247,0],[144,0],[276,0],[338,0],[22,0],[528,0],[48,0],[43,0],[45,0],[550,0],[431,0],[207,0],[434,0],[549,0],[39,0],[453,0],[244,0],[391,0],[351,0],[7,0],[255,0],[211,0],[606,0],[81,0],[475,0],[518,0],[158,0],[50,0]]]
[185,[0],	[[207,0],[58,0],[14,0],[603,0],[421,0],[459,0],[272,0],[498,0],[354,0],[48,0],[326,0],[461,0],[430,0],[7,0],[295,0]]]
[186,[0],	[[278,0],[162,0],[362,0],[58,0],[474,0],[385,0],[441,0],[182,0],[14,0],[450,0],[601,0],[200,0],[421,0],[261,0],[272,0],[30,0],[363,0],[184,0],[498,0],[354,0],[316,0],[375,0],[297,0],[393,0],[247,0],[166,0],[88,0],[338,0],[196,0],[478,0],[22,0],[415,0],[48,0],[488,0],[45,0],[133,0],[311,0],[98,0],[39,0],[46,0],[11,0],[175,0],[156,0],[290,0],[319,0],[453,0],[527,0],[53,0],[406,0],[240,0],[524,0],[233,0],[117,0],[244,0],[507,0],[482,0],[349,0],[605,0],[264,0],[352,0],[82,0],[329,0],[430,0],[218,0],[35,0],[351,0],[255,0],[195,0],[493,0],[51,0],[286,0],[282,0],[561,0],[519,0],[475,0],[518,0],[139,0],[194,0],[532,0],[489,0],[238,0]]]
[187,[0],	[[58,0]]]
[188,[0],	[[58,0],[196,0],[49,0],[319,0],[399,0],[52,0],[77,0],[234,0]]]
[189,[0],	[[153,0],[476,0],[512,0],[254,0],[270,0],[58,0],[385,0],[221,0],[528,0]]]
[190,[0],	[[58,0],[385,0],[450,0],[30,0],[528,0],[39,0],[305,0],[289,0],[565,0]]]
[191,[0],	[[58,0]]]
[192,[0],	[[388,0],[56,0],[17,0],[494,0],[557,0]]]
[193,[0],	[[22,0],[58,0]]]
[194,[0],	[[86,0],[58,0],[186,0],[182,0],[14,0],[601,0],[200,0],[120,0],[541,0],[272,0],[316,0],[375,0],[393,0],[247,0],[488,0],[319,0],[53,0],[406,0],[13,0],[499,0],[399,0],[524,0],[233,0],[305,0],[451,0],[117,0],[349,0],[352,0],[351,0],[289,0],[139,0],[532,0],[205,0]]]
[195,[0],	[[53,0],[362,0],[58,0],[474,0],[186,0],[182,0],[601,0],[272,0],[375,0],[247,0],[166,0],[88,0],[22,0],[11,0],[175,0],[527,0],[439,0],[143,0],[233,0],[451,0],[370,0],[35,0],[255,0],[282,0],[121,0],[205,0]]]
[196,[0],	[[77,0],[86,0],[58,0],[385,0],[398,0],[197,0],[186,0],[441,0],[462,0],[14,0],[450,0],[603,0],[548,0],[421,0],[459,0],[272,0],[278,0],[316,0],[72,0],[308,0],[340,0],[249,0],[528,0],[285,0],[43,0],[488,0],[311,0],[140,0],[511,0],[49,0],[594,0],[100,0],[319,0],[210,0],[406,0],[240,0],[305,0],[268,0],[52,0],[376,0],[236,0],[160,0],[482,0],[176,0],[446,0],[523,0],[349,0],[605,0],[129,0],[188,0],[324,0],[357,0],[85,0],[352,0],[148,0],[96,0],[312,0],[51,0],[537,0],[520,0],[377,0],[286,0],[414,0],[262,0],[289,0]]]
[197,[0],	[[196,0],[362,0],[58,0],[474,0],[601,0]]]
[198,[0],	[[426,0],[58,0]]]
[199,[0],	[[22,0],[396,0],[362,0],[58,0],[385,0],[441,0],[14,0],[603,0],[421,0],[541,0],[43,0],[49,0],[175,0],[53,0],[439,0],[349,0],[82,0],[152,0],[414,0]]]
[200,[0],	[[601,0],[539,0],[512,0],[556,0],[382,0],[86,0],[362,0],[58,0],[474,0],[385,0],[427,0],[186,0],[441,0],[14,0],[120,0],[421,0],[272,0],[30,0],[363,0],[354,0],[316,0],[375,0],[247,0],[166,0],[88,0],[22,0],[415,0],[202,0],[45,0],[98,0],[461,0],[39,0],[46,0],[527,0],[439,0],[499,0],[233,0],[370,0],[507,0],[18,0],[329,0],[430,0],[218,0],[351,0],[289,0],[194,0],[532,0],[205,0]]]
[201,[0],	[[106,0],[362,0],[58,0],[441,0],[450,0],[30,0],[88,0],[45,0],[434,0],[39,0],[46,0],[371,0],[527,0],[499,0],[370,0],[507,0],[460,0],[606,0],[390,0]]]
[202,[0],	[[309,0],[362,0],[396,0],[270,0],[248,0],[58,0],[474,0],[441,0],[450,0],[200,0],[539,0],[598,0],[548,0],[421,0],[459,0],[272,0],[30,0],[283,0],[363,0],[354,0],[478,0],[118,0],[285,0],[98,0],[290,0],[274,0],[319,0],[210,0],[533,0],[482,0],[295,0]]]
[203,[0],	[[73,0],[571,0],[58,0],[564,0],[326,0],[274,0],[554,0],[209,0]]]
[204,[0],	[[374,0],[58,0],[263,0]]]
[205,[0],	[[11,0],[86,0],[58,0],[601,0],[200,0],[272,0],[30,0],[88,0],[478,0],[22,0],[488,0],[527,0],[53,0],[143,0],[499,0],[233,0],[125,0],[218,0],[35,0],[351,0],[195,0],[194,0],[121,0]]]
[206,[0],	[[58,0]]]
[207,[0],	[[14,0],[539,0],[47,0],[396,0],[86,0],[362,0],[58,0],[441,0],[73,0],[462,0],[103,0],[603,0],[325,0],[150,0],[548,0],[421,0],[459,0],[261,0],[283,0],[184,0],[498,0],[88,0],[276,0],[478,0],[22,0],[415,0],[285,0],[48,0],[326,0],[550,0],[461,0],[39,0],[132,0],[156,0],[10,0],[453,0],[533,0],[391,0],[304,0],[185,0],[158,0],[295,0]]]
[208,[0],	[[601,0],[272,0],[512,0],[118,0],[58,0]]]
[209,[0],	[[512,0],[203,0],[58,0],[330,0],[73,0]]]
[210,[0],	[[316,0],[539,0],[77,0],[58,0],[474,0],[601,0],[421,0],[459,0],[261,0],[541,0],[272,0],[30,0],[283,0],[297,0],[340,0],[196,0],[249,0],[478,0],[202,0],[285,0],[43,0],[311,0],[49,0],[319,0],[406,0],[533,0],[170,0],[160,0],[482,0],[96,0],[165,0],[520,0],[215,0],[295,0]]]
[211,[0],	[[370,0],[362,0],[58,0],[474,0],[441,0],[14,0],[601,0],[603,0],[272,0],[30,0],[184,0],[498,0],[316,0],[375,0],[247,0],[166,0],[88,0],[22,0],[550,0],[11,0],[175,0],[371,0],[527,0],[53,0],[13,0],[524,0],[547,0],[306,0],[28,0],[218,0],[35,0],[7,0],[402,0],[475,0],[139,0]]]
[212,[0],	[[58,0]]]
[213,[0],	[[325,0],[421,0],[47,0],[283,0],[586,0],[316,0],[375,0],[427,0],[58,0],[16,0],[601,0]]]
[214,[0],	[[426,0],[58,0],[74,0]]]
[215,[0],	[[463,0],[58,0],[385,0],[174,0],[441,0],[603,0],[297,0],[22,0],[48,0],[431,0],[461,0],[49,0],[210,0],[264,0],[460,0],[165,0],[519,0]]]
[216,[0],	[[254,0],[270,0],[388,0],[221,0],[293,0],[114,0],[134,0],[29,0],[259,0],[144,0],[405,0]]]
[217,[0],	[[58,0],[247,0],[22,0],[547,0]]]
[218,[0],	[[538,0],[556,0],[362,0],[58,0],[186,0],[182,0],[14,0],[601,0],[200,0],[150,0],[272,0],[316,0],[375,0],[297,0],[393,0],[247,0],[166,0],[88,0],[22,0],[48,0],[326,0],[488,0],[11,0],[175,0],[156,0],[527,0],[53,0],[439,0],[533,0],[143,0],[399,0],[233,0],[370,0],[306,0],[304,0],[430,0],[28,0],[570,0],[125,0],[35,0],[131,0],[351,0],[255,0],[211,0],[518,0],[390,0],[506,0],[291,0],[205,0],[489,0],[90,0]]]
[219,[0],	[[58,0],[30,0],[72,0],[299,0],[594,0],[176,0],[352,0],[96,0],[289,0],[229,0],[385,0]]]
[220,[0],	[[400,0],[47,0],[583,0],[396,0],[309,0],[270,0],[248,0],[473,0],[58,0],[579,0],[403,0],[347,0]]]
[221,[0],	[[571,0],[539,0],[254,0],[587,0],[86,0],[362,0],[270,0],[385,0],[293,0],[174,0],[95,0],[216,0],[134,0],[601,0],[189,0],[316,0],[29,0],[259,0],[45,0],[360,0],[576,0]]]
[222,[0],	[[58,0]]]
[223,[0],	[[289,0],[58,0],[385,0],[528,0],[415,0],[488,0],[133,0],[305,0],[165,0]]]
[224,[0],	[[258,0],[362,0],[58,0],[103,0]]]
[225,[0],	[[86,0],[58,0],[60,0],[323,0],[8,0],[592,0],[53,0],[547,0],[493,0],[402,0],[398,0],[539,0],[477,0]]]
[226,[0],	[[45,0],[362,0],[58,0],[450,0],[541,0],[272,0],[30,0],[72,0],[415,0],[98,0],[46,0],[355,0],[507,0],[561,0],[565,0]]]
[227,[0],	[[316,0],[375,0],[234,0],[58,0],[425,0]]]
[228,[0],	[[58,0]]]
[229,[0],	[[352,0],[58,0],[176,0],[219,0],[96,0],[289,0]]]
[230,[0],	[[601,0]]]
[231,[0],	[[58,0]]]
[232,[0],	[[248,0],[58,0],[65,0],[303,0],[19,0]]]
[233,[0],	[[524,0],[539,0],[86,0],[362,0],[58,0],[474,0],[60,0],[186,0],[601,0],[200,0],[120,0],[272,0],[30,0],[316,0],[375,0],[89,0],[247,0],[88,0],[478,0],[22,0],[11,0],[319,0],[527,0],[53,0],[499,0],[451,0],[352,0],[460,0],[329,0],[218,0],[35,0],[351,0],[255,0],[195,0],[282,0],[561,0],[139,0],[194,0],[532,0],[205,0]]]
[234,[0],	[[309,0],[473,0],[58,0],[55,0],[49,0],[319,0],[188,0],[227,0],[135,0],[374,0],[102,0],[87,0],[578,0],[404,0]]]
[235,[0],	[[58,0]]]
[236,[0],	[[77,0],[58,0],[196,0],[436,0],[376,0],[160,0],[324,0]]]
[237,[0],	[[362,0],[58,0],[601,0],[272,0],[247,0]]]
[238,[0],	[[58,0],[186,0]]]
[239,[0],	[[58,0],[366,0],[146,0]]]
[240,[0],	[[539,0],[58,0],[186,0],[182,0],[601,0],[421,0],[272,0],[498,0],[375,0],[196,0],[488,0],[39,0],[319,0],[305,0],[52,0],[176,0],[96,0],[430,0],[289,0],[519,0],[389,0]]]
[241,[0],	[[58,0]]]
[242,[0],	[[58,0],[547,0],[475,0]]]
[243,[0],	[[58,0],[275,0]]]
[244,[0],	[[11,0],[539,0],[86,0],[58,0],[186,0],[441,0],[14,0],[603,0],[150,0],[272,0],[184,0],[498,0],[22,0],[415,0],[48,0],[45,0],[461,0],[116,0],[39,0],[175,0],[399,0],[507,0],[460,0],[35,0],[131,0],[493,0],[475,0]]]
[245,[0],	[[58,0],[14,0],[86,0],[601,0],[319,0],[480,0],[539,0],[305,0],[117,0]]]
[246,[0],	[[58,0]]]
[247,[0],	[[140,0],[539,0],[396,0],[86,0],[362,0],[58,0],[474,0],[385,0],[186,0],[441,0],[99,0],[104,0],[182,0],[103,0],[14,0],[450,0],[601,0],[200,0],[180,0],[603,0],[150,0],[421,0],[459,0],[261,0],[541,0],[272,0],[30,0],[363,0],[184,0],[498,0],[354,0],[316,0],[375,0],[508,0],[297,0],[517,0],[393,0],[340,0],[89,0],[166,0],[88,0],[276,0],[478,0],[22,0],[528,0],[415,0],[424,0],[488,0],[178,0],[45,0],[133,0],[550,0],[431,0],[98,0],[434,0],[39,0],[46,0],[11,0],[175,0],[371,0],[156,0],[290,0],[217,0],[274,0],[466,0],[10,0],[319,0],[453,0],[527,0],[53,0],[13,0],[399,0],[524,0],[233,0],[305,0],[451,0],[370,0],[547,0],[117,0],[306,0],[391,0],[507,0],[482,0],[341,0],[300,0],[18,0],[352,0],[430,0],[28,0],[218,0],[35,0],[351,0],[7,0],[379,0],[255,0],[195,0],[137,0],[289,0],[282,0],[561,0],[211,0],[575,0],[565,0],[606,0],[475,0],[518,0],[50,0],[92,0],[390,0],[139,0],[194,0],[532,0],[237,0],[256,0],[447,0],[395,0]]]
[248,[0],	[[400,0],[278,0],[47,0],[477,0],[583,0],[396,0],[254,0],[309,0],[270,0],[394,0],[588,0],[220,0],[58,0],[385,0],[579,0],[103,0],[403,0],[603,0],[421,0],[94,0],[347,0],[334,0],[276,0],[202,0],[43,0],[431,0],[98,0],[140,0],[49,0],[80,0],[154,0],[232,0],[514,0],[351,0],[146,0]]]
[249,[0],	[[58,0],[385,0],[316,0],[196,0],[285,0],[43,0],[488,0],[311,0],[511,0],[77,0],[49,0],[594,0],[100,0],[319,0],[210,0],[406,0],[268,0],[376,0],[160,0],[482,0],[176,0],[446,0],[304,0],[349,0],[605,0],[129,0],[148,0],[96,0],[51,0],[377,0]]]
[250,[0],	[[58,0],[53,0],[176,0]]]
[251,[0],	[[58,0],[601,0]]]
[252,[0],	[[432,0],[23,0],[58,0]]]
[253,[0],	[[58,0]]]
[254,[0],	[[95,0],[583,0],[586,0],[587,0],[86,0],[270,0],[248,0],[457,0],[388,0],[221,0],[293,0],[174,0],[216,0],[134,0],[189,0],[272,0],[29,0],[259,0],[144,0],[405,0],[360,0],[460,0],[576,0],[430,0],[84,0],[32,0],[7,0]]]
[255,[0],	[[603,0],[86,0],[362,0],[58,0],[474,0],[186,0],[441,0],[182,0],[14,0],[601,0],[421,0],[261,0],[272,0],[30,0],[283,0],[184,0],[498,0],[316,0],[375,0],[393,0],[247,0],[166,0],[88,0],[22,0],[415,0],[48,0],[45,0],[133,0],[431,0],[39,0],[371,0],[527,0],[53,0],[439,0],[233,0],[451,0],[507,0],[218,0],[35,0],[351,0],[195,0],[282,0],[561,0],[606,0],[518,0],[532,0]]]
[256,[0],	[[86,0],[556,0],[58,0],[601,0],[272,0],[498,0],[375,0],[247,0],[538,0],[430,0],[7,0],[519,0],[475,0]]]
[257,[0],	[[77,0],[58,0],[385,0],[431,0],[176,0]]]
[258,[0],	[[362,0],[396,0],[58,0],[103,0],[325,0],[548,0],[541,0],[30,0],[375,0],[88,0],[478,0],[22,0],[371,0],[527,0],[13,0],[524,0],[451,0],[370,0],[84,0],[390,0],[224,0]]]
[259,[0],	[[293,0],[571,0],[476,0],[254,0],[587,0],[270,0],[330,0],[388,0],[221,0],[216,0],[134,0]]]
[260,[0],	[[407,0],[573,0],[388,0],[535,0]]]
[261,[0],	[[340,0],[539,0],[477,0],[556,0],[86,0],[362,0],[58,0],[474,0],[385,0],[186,0],[182,0],[14,0],[450,0],[601,0],[603,0],[548,0],[421,0],[459,0],[592,0],[541,0],[272,0],[30,0],[283,0],[363,0],[498,0],[354,0],[316,0],[375,0],[72,0],[297,0],[501,0],[393,0],[89,0],[247,0],[166,0],[88,0],[338,0],[478,0],[22,0],[48,0],[326,0],[43,0],[461,0],[207,0],[11,0],[156,0],[210,0],[527,0],[53,0],[13,0],[533,0],[451,0],[306,0],[264,0],[36,0],[460,0],[35,0],[255,0],[565,0],[92,0],[295,0]]]
[262,[0],	[[58,0],[196,0],[406,0]]]
[263,[0],	[[58,0],[374,0],[204,0]]]
[264,[0],	[[338,0],[58,0],[385,0],[186,0],[441,0],[603,0],[261,0],[297,0],[528,0],[431,0],[463,0],[341,0],[215,0],[92,0]]]
[265,[0],	[[58,0],[601,0],[418,0]]]
[266,[0],	[[539,0],[586,0],[387,0],[601,0],[5,0]]]
[267,[0],	[[58,0],[272,0]]]
[268,[0],	[[441,0],[539,0],[58,0],[601,0],[421,0],[498,0],[196,0],[249,0],[45,0],[453,0]]]
[269,[0],	[[58,0],[319,0],[349,0],[377,0]]]
[270,[0],	[[86,0],[27,0],[398,0],[412,0],[573,0],[477,0],[540,0],[583,0],[396,0],[542,0],[254,0],[587,0],[362,0],[394,0],[248,0],[220,0],[474,0],[385,0],[457,0],[388,0],[221,0],[293,0],[174,0],[579,0],[104,0],[462,0],[95,0],[216,0],[134,0],[601,0],[189,0],[603,0],[272,0],[316,0],[29,0],[259,0],[144,0],[202,0],[48,0],[45,0],[405,0],[314,0],[10,0],[391,0],[360,0],[85,0]]]
[271,[0],	[[58,0]]]
[272,[0],	[[556,0],[278,0],[477,0],[540,0],[396,0],[254,0],[86,0],[362,0],[270,0],[58,0],[474,0],[385,0],[535,0],[186,0],[174,0],[441,0],[99,0],[182,0],[502,0],[14,0],[450,0],[601,0],[200,0],[120,0],[318,0],[180,0],[603,0],[150,0],[548,0],[421,0],[261,0],[592,0],[541,0],[30,0],[283,0],[363,0],[184,0],[498,0],[354,0],[316,0],[375,0],[72,0],[297,0],[308,0],[29,0],[393,0],[340,0],[247,0],[166,0],[88,0],[276,0],[338,0],[196,0],[478,0],[22,0],[528,0],[38,0],[415,0],[78,0],[567,0],[202,0],[48,0],[326,0],[488,0],[45,0],[133,0],[550,0],[431,0],[98,0],[463,0],[116,0],[434,0],[549,0],[39,0],[46,0],[49,0],[11,0],[175,0],[594,0],[371,0],[156,0],[290,0],[274,0],[538,0],[319,0],[210,0],[453,0],[527,0],[53,0],[406,0],[240,0],[439,0],[13,0],[533,0],[399,0],[524,0],[355,0],[233,0],[305,0],[451,0],[547,0],[117,0],[244,0],[306,0],[391,0],[154,0],[208,0],[482,0],[176,0],[304,0],[349,0],[341,0],[300,0],[18,0],[352,0],[148,0],[96,0],[82,0],[460,0],[430,0],[28,0],[32,0],[125,0],[218,0],[35,0],[131,0],[351,0],[7,0],[255,0],[195,0],[137,0],[537,0],[286,0],[289,0],[282,0],[561,0],[211,0],[575,0],[565,0],[226,0],[606,0],[519,0],[185,0],[147,0],[475,0],[518,0],[50,0],[294,0],[92,0],[390,0],[139,0],[194,0],[295,0],[532,0],[205,0],[90,0],[237,0],[83,0],[256,0],[521,0],[69,0],[317,0],[267,0],[447,0]]]
[273,[0],	[[14,0],[477,0],[86,0],[58,0],[316,0]]]
[274,[0],	[[540,0],[512,0],[571,0],[203,0],[58,0],[474,0],[441,0],[182,0],[450,0],[598,0],[421,0],[459,0],[564,0],[272,0],[30,0],[363,0],[517,0],[340,0],[247,0],[202,0],[311,0],[39,0],[100,0],[554,0],[10,0],[573,0],[18,0],[539,0]]]
[275,[0],	[[477,0],[362,0],[58,0],[363,0],[88,0],[524,0],[243,0],[162,0]]]
[276,[0],	[[178,0],[396,0],[77,0],[362,0],[248,0],[58,0],[385,0],[174,0],[441,0],[462,0],[103,0],[14,0],[450,0],[603,0],[325,0],[548,0],[421,0],[459,0],[272,0],[184,0],[498,0],[501,0],[247,0],[338,0],[528,0],[285,0],[45,0],[311,0],[550,0],[123,0],[207,0],[434,0],[511,0],[538,0],[82,0],[158,0]]]
[277,[0],	[[58,0]]]
[278,[0],	[[573,0],[162,0],[477,0],[476,0],[583,0],[396,0],[362,0],[248,0],[58,0],[186,0],[441,0],[601,0],[272,0],[196,0],[53,0]]]
[279,[0],	[[58,0],[385,0]]]
[280,[0],	[[539,0],[58,0],[153,0],[119,0],[608,0]]]
[281,[0],	[[58,0]]]
[282,[0],	[[58,0],[362,0],[186,0],[601,0],[421,0],[272,0],[316,0],[375,0],[247,0],[166,0],[88,0],[22,0],[11,0],[175,0],[527,0],[53,0],[499,0],[233,0],[451,0],[370,0],[306,0],[482,0],[35,0],[131,0],[255,0],[195,0],[561,0]]]
[283,[0],	[[97,0],[539,0],[477,0],[586,0],[213,0],[86,0],[362,0],[58,0],[474,0],[385,0],[557,0],[427,0],[103,0],[14,0],[450,0],[601,0],[603,0],[325,0],[421,0],[459,0],[261,0],[592,0],[541,0],[272,0],[30,0],[363,0],[498,0],[354,0],[316,0],[501,0],[340,0],[478,0],[415,0],[202,0],[285,0],[48,0],[207,0],[156,0],[210,0],[453,0],[439,0],[533,0],[391,0],[18,0],[255,0]]]
[284,[0],	[[289,0],[176,0],[58,0],[96,0]]]
[285,[0],	[[290,0],[539,0],[396,0],[77,0],[309,0],[86,0],[362,0],[58,0],[474,0],[441,0],[462,0],[14,0],[603,0],[598,0],[421,0],[283,0],[354,0],[276,0],[196,0],[249,0],[478,0],[22,0],[118,0],[202,0],[43,0],[45,0],[133,0],[311,0],[431,0],[98,0],[140,0],[123,0],[207,0],[49,0],[132,0],[100,0],[319,0],[210,0],[453,0],[406,0],[533,0],[399,0],[482,0],[446,0],[304,0],[341,0],[312,0],[286,0],[381,0],[54,0]]]
[286,[0],	[[58,0],[186,0],[421,0],[272,0],[338,0],[196,0],[285,0],[311,0],[312,0],[54,0],[161,0],[358,0]]]
[287,[0],	[[309,0],[586,0],[588,0],[388,0],[56,0],[17,0],[589,0],[365,0],[63,0],[405,0]]]
[288,[0],	[[58,0]]]
[289,[0],	[[58,0],[474,0],[385,0],[14,0],[601,0],[200,0],[272,0],[30,0],[316,0],[247,0],[196,0],[528,0],[223,0],[488,0],[45,0],[98,0],[39,0],[299,0],[175,0],[594,0],[319,0],[53,0],[406,0],[240,0],[305,0],[117,0],[154,0],[482,0],[176,0],[219,0],[352,0],[96,0],[112,0],[15,0],[165,0],[190,0],[194,0],[532,0],[229,0],[115,0],[284,0]]]
[290,[0],	[[396,0],[512,0],[362,0],[385,0],[186,0],[441,0],[182,0],[14,0],[601,0],[180,0],[603,0],[421,0],[272,0],[30,0],[316,0],[247,0],[88,0],[338,0],[22,0],[202,0],[285,0],[488,0],[178,0],[45,0],[175,0],[370,0]]]
[291,[0],	[[556,0],[86,0],[58,0],[601,0],[421,0],[375,0],[304,0],[430,0],[570,0],[218,0]]]
[292,[0],	[[334,0],[347,0],[184,0],[601,0],[385,0],[477,0],[309,0],[86,0],[58,0],[431,0]]]
[293,[0],	[[270,0],[360,0],[405,0],[144,0],[259,0],[29,0],[134,0],[216,0],[114,0],[221,0],[388,0],[587,0],[254,0],[573,0]]]
[294,[0],	[[385,0],[272,0],[528,0],[316,0],[58,0]]]
[295,[0],	[[601,0],[150,0],[421,0],[459,0],[261,0],[541,0],[272,0],[363,0],[498,0],[393,0],[478,0],[202,0],[326,0],[461,0],[207,0],[319,0],[210,0],[482,0],[185,0],[58,0],[474,0],[14,0]]]
[296,[0],	[[58,0],[385,0]]]
[297,[0],	[[528,0],[539,0],[477,0],[556,0],[86,0],[362,0],[58,0],[385,0],[186,0],[174,0],[182,0],[462,0],[14,0],[601,0],[603,0],[421,0],[261,0],[592,0],[272,0],[354,0],[316,0],[375,0],[247,0],[88,0],[338,0],[22,0],[326,0],[133,0],[431,0],[463,0],[461,0],[116,0],[132,0],[156,0],[210,0],[306,0],[264,0],[460,0],[165,0],[218,0],[519,0],[381,0],[215,0],[50,0],[92,0],[101,0]]]
[298,[0],	[[58,0]]]
[299,[0],	[[396,0],[58,0],[385,0],[441,0],[450,0],[30,0],[39,0],[219,0],[96,0],[289,0],[57,0]]]
[300,[0],	[[247,0],[512,0],[362,0],[58,0],[601,0],[272,0],[53,0]]]
[301,[0],	[[539,0],[573,0],[86,0],[58,0],[14,0],[342,0]]]
[302,[0],	[[542,0],[412,0],[601,0],[184,0],[316,0],[375,0]]]
[303,[0],	[[58,0],[232,0],[19,0]]]
[304,[0],	[[306,0],[77,0],[556,0],[86,0],[362,0],[58,0],[14,0],[601,0],[325,0],[421,0],[272,0],[498,0],[316,0],[375,0],[88,0],[249,0],[22,0],[285,0],[550,0],[207,0],[11,0],[175,0],[371,0],[53,0],[13,0],[370,0],[547,0],[430,0],[570,0],[218,0],[35,0],[351,0],[402,0],[518,0],[5,0],[448,0],[291,0],[489,0]]]
[305,[0],	[[86,0],[362,0],[58,0],[474,0],[385,0],[14,0],[601,0],[272,0],[498,0],[316,0],[247,0],[196,0],[528,0],[223,0],[424,0],[488,0],[539,0],[45,0],[550,0],[98,0],[39,0],[175,0],[319,0],[53,0],[452,0],[380,0],[406,0],[240,0],[480,0],[245,0],[451,0],[52,0],[117,0],[306,0],[482,0],[349,0],[352,0],[460,0],[430,0],[15,0],[28,0],[289,0],[190,0],[194,0],[532,0],[115,0]]]
[306,[0],	[[393,0],[539,0],[86,0],[362,0],[58,0],[441,0],[462,0],[14,0],[421,0],[459,0],[261,0],[541,0],[272,0],[498,0],[375,0],[297,0],[501,0],[247,0],[88,0],[22,0],[48,0],[326,0],[45,0],[550,0],[431,0],[463,0],[49,0],[11,0],[371,0],[156,0],[538,0],[319,0],[527,0],[53,0],[452,0],[359,0],[380,0],[13,0],[533,0],[143,0],[524,0],[305,0],[451,0],[370,0],[547,0],[482,0],[304,0],[349,0],[357,0],[460,0],[15,0],[28,0],[218,0],[35,0],[131,0],[282,0],[211,0],[519,0],[390,0],[139,0],[83,0]]]
[307,[0],	[[530,0],[512,0],[457,0],[388,0],[114,0],[405,0],[64,0]]]
[308,[0],	[[162,0],[571,0],[477,0],[512,0],[586,0],[362,0],[58,0],[272,0],[30,0],[196,0]]]
[309,[0],	[[63,0],[27,0],[573,0],[47,0],[477,0],[583,0],[586,0],[362,0],[394,0],[248,0],[588,0],[220,0],[473,0],[58,0],[56,0],[440,0],[287,0],[17,0],[114,0],[403,0],[589,0],[421,0],[292,0],[336,0],[202,0],[285,0],[444,0],[136,0],[234,0],[135,0]]]
[310,[0],	[[58,0]]]
[311,[0],	[[385,0],[186,0],[441,0],[462,0],[14,0],[421,0],[30,0],[276,0],[196,0],[249,0],[528,0],[285,0],[274,0],[210,0],[176,0],[312,0],[286,0],[54,0],[161,0],[358,0],[396,0],[58,0]]]
[312,[0],	[[285,0],[51,0],[286,0],[161,0],[358,0],[311,0],[58,0],[196,0]]]
[313,[0],	[[71,0],[58,0],[364,0]]]
[314,[0],	[[586,0],[270,0],[58,0]]]
[315,[0],	[[58,0]]]
[316,[0],	[[413,0],[539,0],[477,0],[569,0],[213,0],[587,0],[86,0],[302,0],[270,0],[58,0],[474,0],[385,0],[221,0],[186,0],[441,0],[182,0],[16,0],[462,0],[103,0],[273,0],[14,0],[450,0],[601,0],[200,0],[120,0],[603,0],[421,0],[459,0],[261,0],[600,0],[449,0],[541,0],[272,0],[30,0],[283,0],[363,0],[184,0],[498,0],[354,0],[375,0],[297,0],[501,0],[393,0],[340,0],[89,0],[247,0],[166,0],[88,0],[196,0],[249,0],[478,0],[22,0],[43,0],[488,0],[45,0],[39,0],[11,0],[132,0],[175,0],[594,0],[290,0],[538,0],[10,0],[319,0],[210,0],[527,0],[53,0],[452,0],[359,0],[380,0],[406,0],[439,0],[13,0],[480,0],[524,0],[233,0],[305,0],[451,0],[547,0],[170,0],[117,0],[482,0],[304,0],[349,0],[18,0],[352,0],[96,0],[430,0],[128,0],[218,0],[351,0],[255,0],[289,0],[282,0],[211,0],[381,0],[425,0],[294,0],[5,0],[506,0],[139,0],[194,0],[113,0],[532,0],[69,0],[447,0],[227,0],[343,0],[582,0],[445,0],[138,0]]]
[317,[0],	[[58,0],[14,0],[272,0],[480,0],[86,0]]]
[318,[0],	[[591,0],[58,0],[272,0]]]
[319,[0],	[[295,0],[539,0],[77,0],[86,0],[362,0],[58,0],[186,0],[14,0],[601,0],[421,0],[459,0],[272,0],[354,0],[316,0],[501,0],[247,0],[196,0],[249,0],[478,0],[22,0],[202,0],[285,0],[43,0],[424,0],[488,0],[45,0],[140,0],[49,0],[11,0],[175,0],[100,0],[466,0],[10,0],[210,0],[53,0],[452,0],[406,0],[240,0],[399,0],[233,0],[305,0],[245,0],[52,0],[117,0],[306,0],[154,0],[482,0],[349,0],[605,0],[129,0],[188,0],[357,0],[352,0],[96,0],[131,0],[51,0],[537,0],[520,0],[377,0],[414,0],[289,0],[234,0],[381,0],[194,0],[269,0]]]
[320,[0],	[[497,0],[347,0],[58,0],[334,0]]]
[321,[0],	[[86,0],[58,0],[171,0],[26,0],[551,0]]]
[322,[0],	[[58,0]]]
[323,[0],	[[53,0],[58,0],[225,0]]]
[324,[0],	[[77,0],[58,0],[196,0],[431,0],[436,0],[376,0],[236,0],[160,0],[176,0]]]
[325,[0],	[[421,0],[539,0],[47,0],[396,0],[586,0],[213,0],[362,0],[58,0],[441,0],[16,0],[462,0],[14,0],[601,0],[603,0],[541,0],[283,0],[184,0],[375,0],[501,0],[88,0],[276,0],[258,0],[22,0],[118,0],[48,0],[326,0],[43,0],[178,0],[45,0],[550,0],[123,0],[207,0],[434,0],[549,0],[46,0],[11,0],[371,0],[156,0],[13,0],[391,0],[507,0],[304,0],[341,0],[383,0],[7,0],[158,0],[390,0],[448,0]]]
[326,[0],	[[430,0],[539,0],[396,0],[203,0],[556,0],[362,0],[58,0],[385,0],[174,0],[441,0],[462,0],[14,0],[601,0],[603,0],[325,0],[150,0],[421,0],[459,0],[261,0],[541,0],[272,0],[498,0],[354,0],[375,0],[297,0],[393,0],[478,0],[22,0],[415,0],[48,0],[488,0],[45,0],[461,0],[207,0],[46,0],[11,0],[175,0],[454,0],[156,0],[533,0],[524,0],[306,0],[391,0],[507,0],[460,0],[125,0],[218,0],[35,0],[351,0],[7,0],[606,0],[519,0],[185,0],[381,0],[147,0],[518,0],[139,0],[295,0]]]
[327,[0],	[[58,0]]]
[328,[0],	[[476,0],[58,0]]]
[329,[0],	[[58,0],[385,0],[362,0],[186,0],[441,0],[601,0],[200,0],[166,0],[88,0],[98,0],[527,0],[370,0],[233,0]]]
[330,[0],	[[512,0],[58,0],[14,0],[259,0],[209,0],[604,0],[3,0],[412,0]]]
[331,[0],	[[58,0]]]
[332,[0],	[[25,0],[58,0],[23,0],[566,0]]]
[333,[0],	[[385,0],[462,0],[603,0],[58,0]]]
[334,[0],	[[320,0],[477,0],[248,0],[58,0],[441,0],[601,0],[347,0],[292,0],[481,0],[497,0]]]
[335,[0],	[[58,0],[488,0],[117,0],[50,0]]]
[336,[0],	[[162,0],[309,0],[586,0],[58,0],[440,0],[494,0]]]
[337,[0],	[[58,0]]]
[338,[0],	[[45,0],[362,0],[58,0],[385,0],[186,0],[441,0],[14,0],[603,0],[261,0],[272,0],[184,0],[498,0],[297,0],[276,0],[528,0],[133,0],[550,0],[290,0],[264,0],[286,0],[50,0],[92,0]]]
[339,[0],	[[58,0]]]
[340,[0],	[[210,0],[539,0],[396,0],[77,0],[86,0],[362,0],[58,0],[474,0],[462,0],[14,0],[450,0],[603,0],[548,0],[421,0],[459,0],[261,0],[541,0],[272,0],[30,0],[283,0],[354,0],[316,0],[72,0],[247,0],[88,0],[196,0],[45,0],[156,0],[100,0],[274,0],[406,0],[533,0],[480,0],[399,0],[606,0]]]
[341,[0],	[[362,0],[58,0],[441,0],[14,0],[450,0],[603,0],[325,0],[421,0],[272,0],[498,0],[247,0],[22,0],[285,0],[45,0],[133,0],[431,0],[523,0],[264,0]]]
[342,[0],	[[539,0],[86,0],[58,0],[356,0],[14,0],[601,0],[301,0]]]
[343,[0],	[[128,0],[58,0],[316,0]]]
[344,[0],	[[601,0],[498,0],[58,0]]]
[345,[0],	[[58,0]]]
[346,[0],	[[58,0],[84,0]]]
[347,[0],	[[58,0],[441,0],[94,0],[292,0],[334,0],[248,0],[477,0],[320,0],[400,0],[497,0],[220,0]]]
[348,[0],	[[58,0]]]
[349,[0],	[[199,0],[77,0],[58,0],[186,0],[601,0],[272,0],[316,0],[249,0],[319,0],[53,0],[406,0],[399,0],[305,0],[117,0],[306,0],[482,0],[605,0],[129,0],[131,0],[152,0],[520,0],[377,0],[414,0],[194,0],[532,0],[269,0],[196,0]]]
[350,[0],	[[58,0]]]
[351,[0],	[[488,0],[556,0],[362,0],[248,0],[58,0],[186,0],[182,0],[601,0],[200,0],[603,0],[150,0],[421,0],[459,0],[272,0],[30,0],[184,0],[316,0],[375,0],[247,0],[88,0],[478,0],[22,0],[48,0],[326,0],[11,0],[156,0],[53,0],[499,0],[233,0],[391,0],[304,0],[460,0],[430,0],[570,0],[165,0],[218,0],[7,0],[255,0],[561,0],[194,0],[205,0]]]
[352,[0],	[[362,0],[58,0],[474,0],[385,0],[186,0],[441,0],[14,0],[450,0],[601,0],[603,0],[548,0],[272,0],[30,0],[498,0],[316,0],[375,0],[72,0],[247,0],[196,0],[528,0],[43,0],[488,0],[550,0],[431,0],[39,0],[594,0],[319,0],[53,0],[406,0],[233,0],[305,0],[451,0],[117,0],[482,0],[176,0],[523,0],[219,0],[96,0],[112,0],[570,0],[520,0],[289,0],[57,0],[139,0],[194,0],[532,0],[489,0],[229,0],[115,0]]]
[353,[0],	[[58,0],[385,0]]]
[354,[0],	[[431,0],[539,0],[477,0],[86,0],[362,0],[58,0],[474,0],[186,0],[174,0],[441,0],[462,0],[14,0],[450,0],[200,0],[603,0],[421,0],[459,0],[261,0],[541,0],[272,0],[30,0],[283,0],[498,0],[316,0],[297,0],[340,0],[247,0],[88,0],[478,0],[22,0],[202,0],[285,0],[48,0],[326,0],[45,0],[39,0],[11,0],[100,0],[319,0],[453,0],[533,0],[399,0],[482,0],[82,0],[7,0],[185,0],[518,0]]]
[355,[0],	[[58,0],[441,0],[272,0],[415,0],[45,0],[133,0],[98,0],[549,0],[39,0],[46,0],[507,0],[226,0],[385,0],[539,0]]]
[356,[0],	[[601,0],[342,0],[573,0]]]
[357,[0],	[[14,0],[196,0],[45,0],[319,0],[306,0],[482,0],[15,0],[498,0],[58,0]]]
[358,[0],	[[311,0],[161,0],[312,0],[286,0],[58,0]]]
[359,[0],	[[362,0],[316,0],[22,0],[53,0],[452,0],[380,0],[117,0],[306,0],[601,0],[539,0]]]
[360,[0],	[[587,0],[270,0],[457,0],[388,0],[221,0],[293,0],[95,0],[134,0],[254,0]]]
[361,[0],	[[92,0],[385,0],[507,0],[58,0]]]
[362,[0],	[[380,0],[278,0],[27,0],[539,0],[477,0],[396,0],[77,0],[309,0],[586,0],[587,0],[86,0],[270,0],[394,0],[58,0],[474,0],[385,0],[275,0],[221,0],[197,0],[186,0],[174,0],[441,0],[104,0],[182,0],[462,0],[103,0],[14,0],[450,0],[601,0],[200,0],[180,0],[603,0],[325,0],[548,0],[421,0],[459,0],[261,0],[541,0],[272,0],[30,0],[283,0],[363,0],[184,0],[498,0],[354,0],[375,0],[297,0],[308,0],[517,0],[501,0],[393,0],[340,0],[89,0],[247,0],[166,0],[88,0],[276,0],[338,0],[258,0],[478,0],[22,0],[528,0],[118,0],[202,0],[285,0],[48,0],[326,0],[43,0],[178,0],[45,0],[133,0],[550,0],[431,0],[98,0],[463,0],[461,0],[123,0],[199,0],[207,0],[434,0],[549,0],[46,0],[49,0],[11,0],[132,0],[175,0],[371,0],[156,0],[290,0],[100,0],[466,0],[319,0],[527,0],[53,0],[452,0],[359,0],[439,0],[13,0],[533,0],[499,0],[399,0],[524,0],[233,0],[305,0],[451,0],[370,0],[306,0],[391,0],[507,0],[304,0],[129,0],[341,0],[300,0],[18,0],[352,0],[460,0],[329,0],[585,0],[28,0],[84,0],[218,0],[35,0],[131,0],[351,0],[255,0],[195,0],[106,0],[183,0],[282,0],[211,0],[201,0],[226,0],[606,0],[158,0],[105,0],[390,0],[448,0],[139,0],[489,0],[224,0],[237,0]]]
[363,[0],	[[477,0],[362,0],[474,0],[275,0],[186,0],[441,0],[182,0],[14,0],[450,0],[601,0],[200,0],[603,0],[421,0],[261,0],[541,0],[272,0],[30,0],[283,0],[498,0],[316,0],[375,0],[393,0],[247,0],[88,0],[478,0],[22,0],[202,0],[48,0],[98,0],[39,0],[49,0],[11,0],[156,0],[274,0],[533,0],[524,0],[82,0],[561,0],[295,0]]]
[364,[0],	[[58,0],[71,0],[313,0]]]
[365,[0],	[[287,0],[586,0],[588,0],[388,0],[405,0]]]
[366,[0],	[[477,0],[58,0],[146,0],[239,0]]]
[367,[0],	[[58,0]]]
[368,[0],	[[58,0]]]
[369,[0],	[[107,0],[58,0],[179,0]]]
[370,[0],	[[175,0],[539,0],[512,0],[86,0],[362,0],[58,0],[99,0],[14,0],[200,0],[603,0],[421,0],[459,0],[30,0],[375,0],[501,0],[89,0],[247,0],[88,0],[258,0],[22,0],[550,0],[431,0],[11,0],[371,0],[290,0],[466,0],[538,0],[527,0],[53,0],[13,0],[499,0],[524,0],[451,0],[306,0],[304,0],[460,0],[329,0],[218,0],[35,0],[195,0],[282,0],[211,0],[575,0],[201,0],[565,0],[57,0],[390,0],[506,0]]]
[371,[0],	[[255,0],[396,0],[362,0],[58,0],[441,0],[14,0],[603,0],[325,0],[421,0],[541,0],[272,0],[498,0],[501,0],[89,0],[247,0],[88,0],[258,0],[22,0],[48,0],[45,0],[550,0],[434,0],[11,0],[175,0],[527,0],[13,0],[370,0],[306,0],[391,0],[304,0],[36,0],[460,0],[35,0],[561,0],[211,0],[201,0],[519,0],[518,0],[390,0],[448,0]]]
[372,[0],	[[429,0],[158,0],[172,0],[545,0],[58,0],[590,0]]]
[373,[0],	[[528,0],[53,0],[58,0]]]
[374,[0],	[[465,0],[263,0],[234,0],[58,0],[204,0]]]
[375,[0],	[[233,0],[539,0],[47,0],[477,0],[396,0],[556,0],[213,0],[86,0],[302,0],[362,0],[58,0],[474,0],[385,0],[535,0],[186,0],[182,0],[16,0],[14,0],[450,0],[601,0],[200,0],[603,0],[325,0],[421,0],[459,0],[261,0],[541,0],[272,0],[363,0],[184,0],[498,0],[316,0],[297,0],[501,0],[393,0],[89,0],[247,0],[166,0],[88,0],[258,0],[478,0],[22,0],[48,0],[326,0],[133,0],[550,0],[431,0],[39,0],[46,0],[11,0],[175,0],[527,0],[53,0],[240,0],[439,0],[13,0],[143,0],[499,0],[524,0],[451,0],[370,0],[547,0],[117,0],[306,0],[391,0],[507,0],[304,0],[18,0],[85,0],[352,0],[430,0],[28,0],[570,0],[218,0],[35,0],[131,0],[351,0],[7,0],[255,0],[195,0],[493,0],[520,0],[282,0],[561,0],[211,0],[519,0],[518,0],[425,0],[5,0],[390,0],[139,0],[194,0],[291,0],[532,0],[256,0],[491,0],[227,0]]]
[376,[0],	[[77,0],[58,0],[385,0],[196,0],[249,0],[431,0],[436,0],[236,0],[160,0],[176,0],[324,0]]]
[377,[0],	[[58,0],[196,0],[249,0],[319,0],[349,0],[269,0]]]
[378,[0],	[[58,0]]]
[379,[0],	[[58,0],[30,0],[247,0],[601,0]]]
[380,[0],	[[22,0],[539,0],[362,0],[601,0],[316,0],[550,0],[53,0],[452,0],[359,0],[305,0],[117,0],[306,0]]]
[381,[0],	[[316,0],[58,0],[462,0],[603,0],[421,0],[297,0],[285,0],[48,0],[326,0],[461,0],[319,0],[399,0],[460,0]]]
[382,[0],	[[573,0],[539,0],[47,0],[428,0],[512,0],[586,0],[457,0],[440,0],[557,0],[427,0],[601,0],[200,0],[120,0],[591,0],[571,0]]]
[383,[0],	[[79,0],[325,0],[36,0],[460,0],[106,0],[183,0],[58,0],[387,0]]]
[384,[0],	[[58,0]]]
[385,[0],	[[43,0],[583,0],[396,0],[77,0],[586,0],[86,0],[362,0],[270,0],[248,0],[58,0],[474,0],[440,0],[221,0],[186,0],[174,0],[441,0],[462,0],[14,0],[450,0],[601,0],[200,0],[189,0],[603,0],[150,0],[421,0],[459,0],[261,0],[541,0],[272,0],[30,0],[283,0],[184,0],[498,0],[316,0],[375,0],[292,0],[72,0],[297,0],[247,0],[276,0],[338,0],[196,0],[249,0],[528,0],[223,0],[48,0],[326,0],[45,0],[133,0],[311,0],[550,0],[431,0],[98,0],[461,0],[199,0],[39,0],[46,0],[49,0],[299,0],[594,0],[290,0],[63,0],[53,0],[355,0],[305,0],[507,0],[436,0],[376,0],[160,0],[482,0],[176,0],[446,0],[523,0],[257,0],[605,0],[62,0],[264,0],[361,0],[219,0],[352,0],[96,0],[329,0],[51,0],[289,0],[561,0],[565,0],[606,0],[215,0],[50,0],[425,0],[333,0],[279,0],[190,0],[294,0],[92,0],[560,0],[353,0],[296,0],[164,0]]]
[386,[0],	[[58,0],[601,0]]]
[387,[0],	[[114,0],[27,0],[412,0],[571,0],[47,0],[512,0],[58,0],[266,0],[79,0],[144,0],[460,0],[383,0],[106,0],[183,0],[145,0]]]
[388,[0],	[[259,0],[412,0],[571,0],[573,0],[254,0],[586,0],[270,0],[530,0],[588,0],[58,0],[407,0],[457,0],[56,0],[287,0],[17,0],[494,0],[557,0],[293,0],[535,0],[114,0],[95,0],[216,0],[134,0],[601,0],[29,0],[144,0],[365,0],[405,0],[64,0],[360,0],[260,0],[307,0],[576,0],[32,0],[192,0],[81,0],[544,0],[489,0],[419,0]]]
[389,[0],	[[58,0],[519,0],[601,0],[240,0]]]
[390,[0],	[[325,0],[272,0],[506,0],[30,0],[375,0],[247,0],[88,0],[258,0],[22,0],[550,0],[11,0],[175,0],[371,0],[13,0],[524,0],[451,0],[370,0],[306,0],[218,0],[35,0],[201,0],[519,0],[362,0],[58,0]]]
[391,[0],	[[86,0],[362,0],[270,0],[58,0],[174,0],[441,0],[14,0],[603,0],[325,0],[421,0],[272,0],[283,0],[184,0],[498,0],[375,0],[247,0],[415,0],[48,0],[326,0],[207,0],[371,0],[430,0],[351,0],[7,0],[519,0],[518,0]]]
[392,[0],	[[58,0],[66,0],[503,0]]]
[393,[0],	[[103,0],[539,0],[86,0],[362,0],[58,0],[474,0],[186,0],[14,0],[450,0],[601,0],[603,0],[548,0],[421,0],[459,0],[261,0],[541,0],[272,0],[30,0],[363,0],[316,0],[375,0],[89,0],[247,0],[166,0],[88,0],[478,0],[22,0],[48,0],[326,0],[43,0],[461,0],[49,0],[11,0],[175,0],[156,0],[53,0],[439,0],[13,0],[533,0],[451,0],[306,0],[218,0],[255,0],[565,0],[475,0],[194,0],[295,0]]]
[394,[0],	[[539,0],[47,0],[477,0],[583,0],[396,0],[309,0],[586,0],[362,0],[270,0],[248,0],[588,0],[58,0],[579,0],[462,0],[431,0],[140,0],[554,0]]]
[395,[0],	[[86,0],[58,0],[14,0],[498,0],[247,0],[5,0]]]
[396,[0],	[[30,0],[278,0],[477,0],[77,0],[86,0],[362,0],[270,0],[394,0],[248,0],[220,0],[58,0],[385,0],[174,0],[441,0],[182,0],[462,0],[103,0],[14,0],[450,0],[601,0],[603,0],[325,0],[150,0],[548,0],[421,0],[459,0],[541,0],[272,0],[94,0],[184,0],[498,0],[375,0],[501,0],[340,0],[89,0],[247,0],[88,0],[276,0],[258,0],[478,0],[22,0],[528,0],[118,0],[202,0],[285,0],[48,0],[326,0],[43,0],[424,0],[488,0],[178,0],[45,0],[133,0],[472,0],[311,0],[550,0],[431,0],[98,0],[463,0],[461,0],[140,0],[116,0],[123,0],[199,0],[207,0],[434,0],[549,0],[9,0],[39,0],[46,0],[511,0],[49,0],[11,0],[299,0],[132,0],[175,0],[594,0],[371,0],[454,0],[156,0],[290,0],[100,0]]]
[397,[0],	[[601,0]]]
[398,[0],	[[571,0],[573,0],[162,0],[477,0],[512,0],[586,0],[270,0],[225,0],[441,0],[182,0],[601,0],[196,0],[591,0],[412,0]]]
[399,[0],	[[475,0],[539,0],[86,0],[362,0],[58,0],[174,0],[14,0],[601,0],[421,0],[459,0],[272,0],[498,0],[354,0],[340,0],[89,0],[247,0],[22,0],[285,0],[48,0],[461,0],[49,0],[11,0],[319,0],[53,0],[406,0],[524,0],[117,0],[244,0],[482,0],[349,0],[188,0],[430,0],[218,0],[520,0],[381,0],[139,0],[194,0],[532,0]]]
[400,[0],	[[58,0],[347,0],[220,0],[45,0],[248,0],[486,0]]]
[401,[0],	[[58,0]]]
[402,[0],	[[498,0],[58,0],[225,0],[501,0],[166,0],[22,0],[454,0],[547,0],[304,0],[7,0],[211,0],[602,0]]]
[403,[0],	[[220,0],[47,0],[309,0],[586,0],[248,0],[473,0],[58,0],[440,0],[579,0],[136,0]]]
[404,[0],	[[58,0],[234,0]]]
[405,[0],	[[287,0],[254,0],[586,0],[270,0],[530,0],[457,0],[388,0],[293,0],[535,0],[114,0],[216,0],[134,0],[365,0],[64,0],[307,0]]]
[406,[0],	[[601,0],[539,0],[77,0],[86,0],[186,0],[14,0],[421,0],[541,0],[272,0],[316,0],[340,0],[196,0],[249,0],[285,0],[488,0],[45,0],[39,0],[49,0],[100,0],[319,0],[210,0],[53,0],[480,0],[399,0],[305,0],[170,0],[117,0],[154,0],[482,0],[349,0],[352,0],[148,0],[96,0],[520,0],[414,0],[262,0],[289,0],[194,0],[532,0]]]
[407,[0],	[[111,0],[412,0],[16,0],[260,0],[27,0],[573,0],[512,0],[535,0],[388,0]]]
[408,[0],	[[58,0]]]
[409,[0],	[[59,0],[58,0]]]
[410,[0],	[[58,0],[418,0],[2,0]]]
[411,[0],	[[58,0]]]
[412,[0],	[[540,0],[27,0],[398,0],[591,0],[571,0],[573,0],[162,0],[539,0],[47,0],[302,0],[270,0],[530,0],[588,0],[407,0],[330,0],[457,0],[388,0],[387,0]]]
[413,[0],	[[316,0],[58,0]]]
[414,[0],	[[199,0],[58,0],[196,0],[424,0],[488,0],[175,0],[319,0],[53,0],[406,0],[349,0],[152,0]]]
[415,[0],	[[421,0],[539,0],[58,0],[186,0],[441,0],[462,0],[103,0],[14,0],[200,0],[459,0],[541,0],[272,0],[30,0],[283,0],[517,0],[501,0],[247,0],[478,0],[223,0],[118,0],[48,0],[326,0],[45,0],[133,0],[431,0],[98,0],[461,0],[123,0],[207,0],[39,0],[46,0],[156,0],[100,0],[53,0],[439,0],[533,0],[355,0],[244,0],[391,0],[507,0],[255,0],[493,0],[226,0],[606,0]]]
[416,[0],	[[474,0],[601,0],[30,0],[477,0]]]
[417,[0],	[[58,0],[4,0]]]
[418,[0],	[[410,0],[58,0],[265,0],[423,0],[2,0],[609,0]]]
[419,[0],	[[58,0],[388,0],[601,0],[81,0],[544,0],[489,0]]]
[420,[0],	[[58,0]]]
[421,[0],	[[272,0],[539,0],[47,0],[477,0],[396,0],[77,0],[309,0],[586,0],[213,0],[86,0],[362,0],[248,0],[588,0],[58,0],[474,0],[385,0],[427,0],[186,0],[174,0],[441,0],[99,0],[73,0],[182,0],[462,0],[103,0],[14,0],[450,0],[601,0],[200,0],[603,0],[325,0],[150,0],[598,0],[548,0],[459,0],[261,0],[600,0],[449,0],[592,0],[541,0],[30,0],[283,0],[363,0],[184,0],[498,0],[354,0],[316,0],[375,0],[297,0],[501,0],[393,0],[340,0],[89,0],[247,0],[166,0],[88,0],[276,0],[196,0],[478,0],[22,0],[528,0],[415,0],[118,0],[202,0],[285,0],[48,0],[326,0],[43,0],[488,0],[45,0],[311,0],[550,0],[431,0],[98,0],[461,0],[140,0],[116,0],[123,0],[199,0],[207,0],[434,0],[39,0],[46,0],[49,0],[132,0],[175,0],[371,0],[454,0],[156,0],[290,0],[100,0],[274,0],[466,0],[10,0],[319,0],[210,0],[453,0],[53,0],[406,0],[240,0],[439,0],[13,0],[533,0],[480,0],[399,0],[524,0],[370,0],[268,0],[547,0],[117,0],[306,0],[391,0],[482,0],[446,0],[304,0],[341,0],[18,0],[36,0],[460,0],[351,0],[255,0],[286,0],[282,0],[606,0],[519,0],[185,0],[381,0],[147,0],[518,0],[50,0],[291,0],[295,0],[113,0],[54,0]]]
[422,[0],	[[58,0],[152,0],[458,0]]]
[423,[0],	[[58,0],[418,0]]]
[424,[0],	[[49,0],[396,0],[86,0],[58,0],[14,0],[247,0],[43,0],[488,0],[319,0],[305,0],[117,0],[460,0],[414,0]]]
[425,[0],	[[58,0],[385,0],[14,0],[316,0],[375,0],[528,0],[227,0]]]
[426,[0],	[[198,0],[58,0],[214,0]]]
[427,[0],	[[573,0],[162,0],[539,0],[47,0],[428,0],[586,0],[382,0],[213,0],[56,0],[440,0],[601,0],[200,0],[120,0],[421,0],[283,0],[478,0]]]
[428,[0],	[[47,0],[586,0],[382,0],[427,0],[601,0]]]
[429,[0],	[[58,0],[158,0],[545,0],[172,0],[372,0],[590,0]]]
[430,[0],	[[498,0],[556,0],[254,0],[86,0],[58,0],[186,0],[182,0],[601,0],[200,0],[272,0],[316,0],[375,0],[29,0],[247,0],[326,0],[538,0],[240,0],[399,0],[305,0],[391,0],[507,0],[304,0],[460,0],[570,0],[218,0],[351,0],[7,0],[575,0],[519,0],[185,0],[475,0],[291,0],[256,0]]]
[431,[0],	[[77,0],[86,0],[362,0],[394,0],[248,0],[58,0],[385,0],[441,0],[14,0],[450,0],[601,0],[603,0],[421,0],[396,0],[539,0],[459,0],[541,0],[272,0],[184,0],[498,0],[354,0],[375,0],[292,0],[297,0],[247,0],[22,0],[415,0],[285,0],[45,0],[140,0],[524,0],[370,0],[306,0],[436,0],[376,0],[160,0],[176,0],[523,0],[126,0],[257,0],[324,0],[341,0],[264,0],[352,0],[460,0],[255,0],[215,0]]]
[432,[0],	[[58,0],[252,0],[23,0]]]
[433,[0],	[[601,0]]]
[434,[0],	[[88,0],[396,0],[362,0],[58,0],[441,0],[14,0],[603,0],[325,0],[421,0],[272,0],[184,0],[498,0],[529,0],[247,0],[276,0],[371,0],[527,0],[497,0],[201,0],[121,0],[590,0],[122,0]]]
[435,[0],	[[58,0]]]
[436,[0],	[[58,0],[385,0],[431,0],[376,0],[236,0],[160,0],[176,0],[126,0],[324,0],[77,0]]]
[437,[0],	[[58,0]]]
[438,[0],	[[58,0]]]
[439,[0],	[[415,0],[539,0],[362,0],[601,0],[200,0],[421,0],[272,0],[283,0],[316,0],[375,0],[517,0],[393,0],[166,0],[88,0],[22,0],[45,0],[133,0],[98,0],[461,0],[199,0],[49,0],[53,0],[143,0],[218,0],[255,0],[195,0]]]
[440,[0],	[[47,0],[309,0],[586,0],[382,0],[588,0],[473,0],[58,0],[385,0],[56,0],[494,0],[557,0],[427,0],[579,0],[403,0],[336,0],[136,0]]]
[441,[0],	[[182,0],[278,0],[27,0],[398,0],[539,0],[476,0],[396,0],[77,0],[86,0],[362,0],[58,0],[474,0],[385,0],[186,0],[174,0],[462,0],[103,0],[14,0],[450,0],[601,0],[200,0],[120,0],[603,0],[325,0],[150,0],[548,0],[421,0],[459,0],[541,0],[272,0],[30,0],[363,0],[184,0],[498,0],[347,0],[354,0],[316,0],[334,0],[517,0],[501,0],[247,0],[88,0],[276,0],[338,0],[196,0],[478,0],[22,0],[415,0],[118,0],[202,0],[285,0],[48,0],[326,0],[43,0],[45,0],[133,0],[311,0],[550,0],[431,0],[98,0],[461,0],[140,0],[116,0],[123,0],[199,0],[207,0],[434,0],[549,0],[39,0],[46,0],[511,0],[49,0],[299,0],[594,0],[371,0],[156,0],[290,0],[100,0],[274,0],[10,0],[453,0],[533,0],[355,0],[268,0],[244,0],[306,0],[391,0],[507,0],[176,0],[446,0],[523,0],[341,0],[264,0],[85,0],[352,0],[82,0],[460,0],[329,0],[255,0],[561,0],[211,0],[201,0],[606,0],[519,0],[215,0],[518,0],[158,0],[57,0]]]
[442,[0],	[[58,0]]]
[443,[0],	[[58,0]]]
[444,[0],	[[309,0],[586,0],[601,0]]]
[445,[0],	[[58,0],[316,0],[69,0],[138,0]]]
[446,[0],	[[385,0],[77,0],[58,0],[441,0],[421,0],[449,0],[72,0],[196,0],[249,0],[285,0],[43,0],[45,0],[116,0],[49,0]]]
[447,[0],	[[58,0],[86,0],[14,0],[272,0],[498,0],[316,0],[89,0],[247,0],[561,0]]]
[448,[0],	[[362,0],[58,0],[325,0],[22,0],[11,0],[371,0],[13,0],[304,0],[544,0]]]
[449,[0],	[[477,0],[58,0],[14,0],[421,0],[600,0],[316,0],[446,0]]]
[450,[0],	[[30,0],[539,0],[477,0],[396,0],[77,0],[362,0],[58,0],[474,0],[385,0],[186,0],[441,0],[182,0],[103,0],[14,0],[601,0],[603,0],[548,0],[421,0],[459,0],[261,0],[541,0],[272,0],[283,0],[363,0],[184,0],[498,0],[354,0],[316,0],[375,0],[72,0],[501,0],[393,0],[340,0],[247,0],[276,0],[196,0],[478,0],[22,0],[528,0],[202,0],[48,0],[45,0],[550,0],[431,0],[98,0],[463,0],[39,0],[46,0],[299,0],[175,0],[156,0],[274,0],[453,0],[527,0],[53,0],[13,0],[507,0],[176,0],[523,0],[341,0],[352,0],[561,0],[201,0],[565,0],[226,0],[606,0],[190,0]]]
[451,[0],	[[601,0],[261,0],[541,0],[272,0],[498,0],[316,0],[375,0],[501,0],[393,0],[89,0],[247,0],[539,0],[166,0],[14,0],[88,0],[258,0],[22,0],[550,0],[11,0],[527,0],[53,0],[13,0],[524,0],[58,0],[233,0],[305,0],[370,0],[306,0],[352,0],[35,0],[255,0],[195,0],[282,0],[158,0],[390,0],[506,0],[139,0],[86,0],[194,0],[362,0],[532,0]]]
[452,[0],	[[482,0],[539,0],[362,0],[601,0],[316,0],[22,0],[550,0],[319,0],[53,0],[359,0],[380,0],[305,0],[117,0],[306,0]]]
[453,[0],	[[58,0],[474,0],[186,0],[441,0],[450,0],[539,0],[603,0],[598,0],[548,0],[421,0],[272,0],[30,0],[283,0],[184,0],[354,0],[247,0],[478,0],[285,0],[207,0],[268,0],[158,0]]]
[454,[0],	[[48,0],[396,0],[556,0],[58,0],[421,0],[22,0],[326,0],[460,0],[402,0],[519,0],[147,0],[83,0]]]
[455,[0],	[[58,0]]]
[456,[0],	[[58,0]]]
[457,[0],	[[530,0],[412,0],[573,0],[539,0],[47,0],[477,0],[254,0],[382,0],[270,0],[388,0],[114,0],[405,0],[64,0],[360,0],[307,0]]]
[458,[0],	[[58,0],[422,0],[152,0]]]
[459,[0],	[[316,0],[539,0],[477,0],[396,0],[77,0],[86,0],[362,0],[58,0],[385,0],[441,0],[462,0],[103,0],[14,0],[450,0],[601,0],[603,0],[548,0],[421,0],[261,0],[592,0],[283,0],[610,0],[498,0],[354,0],[375,0],[72,0],[501,0],[393,0],[340,0],[89,0],[247,0],[166,0],[88,0],[276,0],[196,0],[478,0],[22,0],[415,0],[202,0],[48,0],[326,0],[43,0],[431,0],[461,0],[123,0],[207,0],[39,0],[49,0],[11,0],[132,0],[156,0],[100,0],[274,0],[319,0],[210,0],[533,0],[399,0],[370,0],[306,0],[351,0],[185,0],[295,0]]]
[460,[0],	[[556,0],[254,0],[362,0],[58,0],[387,0],[441,0],[14,0],[601,0],[79,0],[603,0],[150,0],[421,0],[261,0],[541,0],[272,0],[498,0],[297,0],[29,0],[88,0],[22,0],[48,0],[326,0],[424,0],[488,0],[431,0],[11,0],[175,0],[371,0],[454,0],[156,0],[53,0],[533,0],[233,0],[305,0],[370,0],[117,0],[244,0],[306,0],[36,0],[383,0],[430,0],[28,0],[165,0],[35,0],[131,0],[351,0],[106,0],[183,0],[201,0],[519,0],[381,0],[147,0],[215,0],[83,0]]]
[461,[0],	[[539,0],[396,0],[86,0],[362,0],[58,0],[474,0],[385,0],[441,0],[462,0],[14,0],[601,0],[200,0],[603,0],[421,0],[459,0],[261,0],[498,0],[297,0],[393,0],[415,0],[48,0],[326,0],[463,0],[116,0],[207,0],[39,0],[49,0],[100,0],[10,0],[439,0],[399,0],[244,0],[82,0],[185,0],[381,0],[215,0],[50,0],[295,0]]]
[462,[0],	[[461,0],[539,0],[396,0],[86,0],[362,0],[270,0],[394,0],[58,0],[385,0],[174,0],[441,0],[103,0],[14,0],[603,0],[325,0],[150,0],[421,0],[459,0],[498,0],[354,0],[316,0],[297,0],[501,0],[340,0],[88,0],[276,0],[196,0],[22,0],[415,0],[285,0],[48,0],[326,0],[43,0],[488,0],[178,0],[45,0],[133,0],[311,0],[550,0],[463,0],[140,0],[116,0],[123,0],[207,0],[549,0],[11,0],[132,0],[100,0],[533,0],[306,0],[381,0],[158,0],[333,0]]]
[463,[0],	[[601,0],[603,0],[541,0],[462,0],[272,0],[396,0],[297,0],[22,0],[48,0],[362,0],[461,0],[175,0],[156,0],[306,0],[264,0],[215,0],[450,0]]]
[464,[0],	[[495,0],[58,0]]]
[465,[0],	[[58,0],[374,0]]]
[466,[0],	[[601,0],[162,0],[86,0],[362,0],[58,0],[421,0],[247,0],[319,0],[370,0]]]
[467,[0],	[[58,0]]]
[468,[0],	[[58,0]]]
[469,[0],	[[58,0]]]
[470,[0],	[[58,0],[151,0]]]
[471,[0],	[[58,0]]]
[472,[0],	[[601,0],[396,0],[586,0],[182,0]]]
[473,[0],	[[583,0],[309,0],[220,0],[58,0],[440,0],[403,0],[136,0],[234,0],[135,0]]]
[474,[0],	[[103,0],[583,0],[362,0],[270,0],[58,0],[385,0],[197,0],[186,0],[441,0],[182,0],[14,0],[450,0],[601,0],[200,0],[598,0],[421,0],[261,0],[541,0],[272,0],[30,0],[283,0],[363,0],[498,0],[354,0],[316,0],[375,0],[416,0],[529,0],[393,0],[340,0],[247,0],[88,0],[478,0],[22,0],[202,0],[285,0],[48,0],[98,0],[461,0],[549,0],[39,0],[46,0],[49,0],[11,0],[156,0],[274,0],[210,0],[453,0],[527,0],[53,0],[533,0],[524,0],[233,0],[305,0],[507,0],[352,0],[82,0],[35,0],[7,0],[255,0],[195,0],[289,0],[561,0],[211,0],[158,0],[92,0],[295,0],[532,0]]]
[475,[0],	[[256,0],[556,0],[86,0],[58,0],[186,0],[14,0],[601,0],[603,0],[272,0],[184,0],[498,0],[393,0],[247,0],[22,0],[48,0],[550,0],[549,0],[533,0],[399,0],[547,0],[244,0],[430,0],[7,0],[211,0],[519,0],[81,0],[518,0],[242,0]]]
[476,[0],	[[162,0],[441,0],[278,0],[601,0],[189,0],[259,0],[45,0],[328,0],[18,0],[477,0],[58,0]]]
[477,[0],	[[14,0],[278,0],[27,0],[398,0],[591,0],[162,0],[539,0],[476,0],[540,0],[583,0],[396,0],[309,0],[586,0],[86,0],[362,0],[270,0],[394,0],[248,0],[58,0],[457,0],[225,0],[275,0],[273,0],[450,0],[601,0],[180,0],[598,0],[548,0],[589,0],[421,0],[459,0],[261,0],[600,0],[449,0],[592,0],[541,0],[272,0],[30,0],[94,0],[283,0],[363,0],[184,0],[610,0],[498,0],[347,0],[354,0],[316,0],[375,0],[292,0],[334,0],[72,0],[416,0],[508,0],[297,0],[308,0],[366,0]]]
[478,[0],	[[58,0],[539,0],[396,0],[86,0],[362,0],[474,0],[427,0],[186,0],[441,0],[14,0],[450,0],[601,0],[603,0],[150,0],[548,0],[421,0],[459,0],[261,0],[541,0],[272,0],[30,0],[283,0],[363,0],[498,0],[354,0],[316,0],[375,0],[501,0],[393,0],[247,0],[166,0],[258,0],[22,0],[415,0],[202,0],[285,0],[48,0],[326,0],[207,0],[39,0],[156,0],[100,0],[319,0],[210,0],[453,0],[527,0],[53,0],[13,0],[533,0],[233,0],[482,0],[18,0],[351,0],[561,0],[295,0],[205,0]]]
[479,[0],	[[58,0]]]
[480,[0],	[[488,0],[539,0],[86,0],[58,0],[14,0],[601,0],[421,0],[316,0],[340,0],[39,0],[406,0],[305,0],[245,0],[117,0],[532,0],[317,0]]]
[481,[0],	[[601,0],[334,0]]]
[482,[0],	[[352,0],[77,0],[86,0],[58,0],[385,0],[186,0],[14,0],[601,0],[421,0],[272,0],[354,0],[316,0],[247,0],[196,0],[249,0],[478,0],[202,0],[285,0],[43,0],[488,0],[140,0],[116,0],[49,0],[175,0],[100,0],[10,0],[319,0],[210,0],[53,0],[452,0],[406,0],[399,0],[305,0],[306,0],[154,0],[349,0],[605,0],[129,0],[357,0],[148,0],[96,0],[131,0],[537,0],[289,0],[282,0],[295,0],[532,0]]]
[483,[0],	[[58,0]]]
[484,[0],	[[58,0]]]
[485,[0],	[[58,0],[1,0]]]
[486,[0],	[[400,0],[58,0]]]
[487,[0],	[[58,0]]]
[488,[0],	[[194,0],[539,0],[396,0],[86,0],[58,0],[186,0],[174,0],[99,0],[462,0],[14,0],[601,0],[150,0],[421,0],[272,0],[316,0],[89,0],[247,0],[88,0],[196,0],[249,0],[22,0],[223,0],[326,0],[43,0],[424,0],[133,0],[39,0],[49,0],[594,0],[290,0],[10,0],[319,0],[53,0],[406,0],[240,0],[533,0],[480,0],[143,0],[305,0],[117,0],[154,0],[482,0],[176,0],[352,0],[148,0],[96,0],[460,0],[112,0],[165,0],[125,0],[218,0],[351,0],[414,0],[289,0],[147,0],[50,0],[92,0],[532,0],[205,0],[335,0]]]
[489,[0],	[[58,0],[388,0],[186,0],[182,0],[601,0],[362,0],[22,0],[528,0],[156,0],[538,0],[527,0],[304,0],[352,0],[570,0],[218,0],[575,0],[81,0],[544,0],[419,0]]]
[490,[0],	[[58,0]]]
[491,[0],	[[58,0],[601,0],[375,0]]]
[492,[0],	[[58,0]]]
[493,[0],	[[22,0],[86,0],[58,0],[225,0],[186,0],[375,0],[415,0],[45,0],[46,0],[53,0],[244,0],[507,0]]]
[494,[0],	[[586,0],[588,0],[388,0],[56,0],[440,0],[17,0],[557,0],[336,0],[192,0]]]
[495,[0],	[[58,0],[464,0]]]
[496,[0],	[[86,0],[58,0],[601,0]]]
[497,[0],	[[58,0],[347,0],[334,0],[529,0],[434,0],[320,0],[121,0],[590,0],[122,0]]]
[498,[0],	[[354,0],[539,0],[477,0],[396,0],[556,0],[86,0],[362,0],[58,0],[474,0],[385,0],[186,0],[174,0],[441,0],[182,0],[462,0],[14,0],[450,0],[601,0],[603,0],[421,0],[459,0],[261,0],[541,0],[272,0],[30,0],[283,0],[363,0],[184,0],[316,0],[375,0],[517,0],[501,0],[89,0],[247,0],[276,0],[338,0],[478,0],[22,0],[528,0],[48,0],[326,0],[178,0],[45,0],[550,0],[431,0],[98,0],[461,0],[140,0],[123,0],[207,0],[434,0],[549,0],[39,0],[371,0],[10,0],[53,0],[240,0],[399,0],[305,0],[451,0],[268,0],[547,0],[117,0],[244,0],[306,0],[391,0],[304,0],[341,0],[357,0],[352,0],[460,0],[430,0],[15,0],[570,0],[7,0],[344,0],[255,0],[402,0],[561,0],[211,0],[519,0],[185,0],[475,0],[518,0],[92,0],[5,0],[295,0],[532,0],[256,0],[447,0],[395,0]]]
[499,[0],	[[86,0],[362,0],[58,0],[601,0],[200,0],[120,0],[30,0],[375,0],[89,0],[88,0],[22,0],[11,0],[527,0],[53,0],[143,0],[524,0],[233,0],[370,0],[35,0],[539,0],[351,0],[282,0],[201,0],[194,0],[205,0]]]
[500,[0],	[[58,0]]]
[501,[0],	[[316,0],[539,0],[396,0],[86,0],[362,0],[58,0],[441,0],[462,0],[14,0],[450,0],[120,0],[603,0],[325,0],[421,0],[459,0],[261,0],[30,0],[283,0],[184,0],[498,0],[375,0],[89,0],[88,0],[276,0],[478,0],[22,0],[415,0],[48,0],[45,0],[550,0],[116,0],[123,0],[549,0],[46,0],[49,0],[11,0],[371,0],[156,0],[319,0],[527,0],[53,0],[13,0],[143,0],[451,0],[370,0],[547,0],[306,0],[18,0],[36,0],[402,0],[158,0],[602,0]]]
[502,[0],	[[591,0],[162,0],[512,0],[58,0],[272,0]]]
[503,[0],	[[58,0],[66,0],[392,0],[76,0]]]
[504,[0],	[[58,0],[525,0]]]
[505,[0],	[[58,0]]]
[506,[0],	[[533,0],[86,0],[58,0],[601,0],[150,0],[316,0],[88,0],[22,0],[13,0],[451,0],[370,0],[218,0],[35,0],[183,0],[390,0]]]
[507,[0],	[[58,0],[474,0],[385,0],[186,0],[441,0],[182,0],[450,0],[200,0],[603,0],[325,0],[541,0],[362,0],[30,0],[375,0],[517,0],[247,0],[415,0],[556,0],[48,0],[326,0],[45,0],[98,0],[39,0],[46,0],[156,0],[355,0],[244,0],[361,0],[430,0],[255,0],[493,0],[201,0],[226,0],[606,0],[519,0],[105,0],[558,0]]]
[508,[0],	[[586,0],[477,0],[601,0],[247,0]]]
[509,[0],	[[58,0],[154,0],[148,0],[96,0]]]
[510,[0],	[[58,0]]]
[511,[0],	[[77,0],[396,0],[58,0],[441,0],[601,0],[276,0],[196,0],[249,0],[45,0],[133,0],[13,0]]]
[512,[0],	[[99,0],[398,0],[573,0],[47,0],[569,0],[556,0],[382,0],[58,0],[407,0],[330,0],[387,0],[111,0],[104,0],[16,0],[502,0],[200,0],[189,0],[308,0],[88,0],[567,0],[9,0],[290,0],[274,0],[209,0],[370,0],[208,0],[300,0],[307,0],[137,0],[519,0]]]
[513,[0],	[[58,0]]]
[514,[0],	[[248,0],[58,0]]]
[515,[0],	[[58,0]]]
[516,[0],	[[58,0]]]
[517,[0],	[[247,0],[362,0],[58,0],[557,0],[441,0],[14,0],[498,0],[88,0],[415,0],[45,0],[133,0],[98,0],[39,0],[46,0],[274,0],[439,0],[507,0]]]
[518,[0],	[[441,0],[86,0],[58,0],[186,0],[182,0],[14,0],[603,0],[421,0],[272,0],[184,0],[498,0],[354,0],[375,0],[247,0],[22,0],[528,0],[326,0],[371,0],[391,0],[304,0],[570,0],[218,0],[7,0],[255,0],[606,0],[519,0],[475,0],[90,0]]]
[519,[0],	[[46,0],[512,0],[556,0],[58,0],[186,0],[441,0],[182,0],[601,0],[150,0],[421,0],[541,0],[272,0],[498,0],[375,0],[297,0],[22,0],[48,0],[326,0],[11,0],[175,0],[371,0],[454,0],[156,0],[240,0],[533,0],[524,0],[306,0],[391,0],[507,0],[460,0],[430,0],[35,0],[7,0],[147,0],[215,0],[475,0],[518,0],[390,0],[139,0],[90,0],[83,0],[389,0],[256,0]]]
[520,[0],	[[58,0],[375,0],[196,0],[319,0],[210,0],[53,0],[406,0],[399,0],[86,0],[349,0],[85,0],[352,0],[601,0]]]
[521,[0],	[[58,0],[69,0],[272,0]]]
[522,[0],	[[58,0]]]
[523,[0],	[[77,0],[58,0],[385,0],[441,0],[450,0],[196,0],[528,0],[431,0],[176,0],[341,0],[352,0]]]
[524,[0],	[[306,0],[539,0],[86,0],[362,0],[58,0],[474,0],[275,0],[186,0],[182,0],[14,0],[601,0],[603,0],[421,0],[541,0],[272,0],[30,0],[363,0],[316,0],[375,0],[247,0],[88,0],[258,0],[22,0],[48,0],[326,0],[431,0],[11,0],[156,0],[527,0],[53,0],[13,0],[533,0],[499,0],[399,0],[233,0],[451,0],[370,0],[35,0],[131,0],[211,0],[519,0],[390,0],[139,0],[194,0]]]
[525,[0],	[[504,0],[58,0]]]
[526,[0],	[[58,0]]]
[527,[0],	[[22,0],[539,0],[86,0],[362,0],[58,0],[474,0],[186,0],[182,0],[103,0],[14,0],[450,0],[601,0],[200,0],[261,0],[541,0],[272,0],[30,0],[316,0],[375,0],[501,0],[89,0],[247,0],[166,0],[88,0],[258,0],[478,0],[434,0],[11,0],[175,0],[371,0],[156,0],[53,0],[13,0],[533,0],[499,0],[524,0],[233,0],[451,0],[370,0],[306,0],[329,0],[570,0],[218,0],[35,0],[255,0],[195,0],[282,0],[561,0],[211,0],[201,0],[139,0],[121,0],[205,0],[489,0]]]
[528,[0],	[[247,0],[396,0],[362,0],[58,0],[385,0],[14,0],[450,0],[601,0],[189,0],[603,0],[421,0],[272,0],[30,0],[184,0],[498,0],[297,0],[276,0],[338,0],[196,0],[223,0],[45,0],[133,0],[311,0],[550,0],[549,0],[39,0],[63,0],[305,0],[176,0],[523,0],[264,0],[352,0],[96,0],[82,0],[289,0],[565,0],[518,0],[50,0],[425,0],[190,0],[294,0],[92,0],[489,0],[373,0]]]
[529,[0],	[[557,0],[434,0],[497,0],[121,0],[590,0],[58,0],[586,0],[474,0],[539,0]]]
[530,[0],	[[388,0],[114,0],[457,0],[405,0],[64,0],[412,0],[307,0]]]
[531,[0],	[[58,0]]]
[532,[0],	[[194,0],[58,0],[474,0],[186,0],[14,0],[601,0],[200,0],[272,0],[30,0],[498,0],[316,0],[375,0],[72,0],[247,0],[22,0],[45,0],[11,0],[53,0],[406,0],[480,0],[399,0],[233,0],[305,0],[451,0],[117,0],[154,0],[482,0],[349,0],[352,0],[15,0],[255,0],[289,0],[158,0],[488,0]]]
[533,[0],	[[603,0],[539,0],[47,0],[362,0],[474,0],[441,0],[462,0],[103,0],[14,0],[601,0],[150,0],[548,0],[421,0],[459,0],[261,0],[541,0],[272,0],[30,0],[283,0],[363,0],[354,0],[393,0],[340,0],[88,0],[478,0],[22,0],[415,0],[202,0],[285,0],[48,0],[326,0],[43,0],[488,0],[207,0],[11,0],[175,0],[156,0],[100,0],[210,0],[527,0],[13,0],[524,0],[306,0],[460,0],[218,0],[35,0],[183,0],[519,0],[475,0],[506,0],[83,0]]]
[534,[0],	[[58,0]]]
[535,[0],	[[573,0],[407,0],[388,0],[272,0],[375,0],[405,0],[260,0]]]
[536,[0],	[[80,0],[58,0]]]
[537,[0],	[[86,0],[58,0],[14,0],[272,0],[196,0],[100,0],[319,0],[482,0]]]
[538,[0],	[[53,0],[86,0],[58,0],[601,0],[272,0],[316,0],[276,0],[22,0],[11,0],[370,0],[306,0],[430,0],[28,0],[218,0],[575,0],[606,0],[489,0],[256,0]]]
[539,[0],	[[412,0],[162,0],[477,0],[540,0],[382,0],[587,0],[86,0],[362,0],[394,0],[58,0],[457,0],[225,0],[427,0],[221,0],[441,0],[462,0],[103,0],[266,0],[14,0],[450,0],[601,0],[200,0],[120,0],[603,0],[325,0],[548,0],[421,0],[459,0],[261,0],[592,0],[541,0],[283,0],[184,0],[498,0],[354,0],[316,0],[375,0],[297,0],[501,0],[529,0],[29,0],[393,0],[340,0],[89,0],[247,0],[166,0],[88,0],[478,0],[22,0],[415,0],[118,0],[202,0],[285,0],[48,0],[326,0],[488,0],[45,0],[431,0],[461,0],[140,0],[116,0],[207,0],[39,0],[49,0],[11,0],[132,0],[156,0],[100,0],[274,0],[10,0],[319,0],[210,0],[97,0],[453,0],[527,0],[53,0],[452,0],[359,0],[380,0],[406,0],[240,0],[439,0],[13,0],[280,0],[533,0],[480,0],[143,0],[499,0],[399,0],[524,0],[355,0],[233,0],[305,0],[245,0],[451,0],[342,0],[301,0],[370,0],[268,0],[547,0],[52,0],[170,0],[117,0],[244,0],[306,0]]]
[540,[0],	[[591,0],[412,0],[571,0],[573,0],[162,0],[539,0],[477,0],[270,0],[174,0],[182,0],[601,0],[272,0],[274,0]]]
[541,[0],	[[451,0],[539,0],[477,0],[396,0],[86,0],[362,0],[58,0],[474,0],[385,0],[441,0],[182,0],[103,0],[14,0],[450,0],[601,0],[603,0],[325,0],[548,0],[421,0],[261,0],[272,0],[30,0],[283,0],[363,0],[498,0],[354,0],[316,0],[375,0],[393,0],[340,0],[247,0],[166,0],[88,0],[258,0],[478,0],[22,0],[415,0],[48,0],[326,0],[43,0],[45,0],[431,0],[98,0],[463,0],[199,0],[46,0],[49,0],[11,0],[175,0],[594,0],[371,0],[156,0],[210,0],[527,0],[53,0],[406,0],[13,0],[533,0],[524,0],[306,0],[507,0],[18,0],[36,0],[460,0],[561,0],[565,0],[226,0],[606,0],[519,0],[194,0],[295,0],[83,0]]]
[542,[0],	[[270,0],[58,0],[587,0],[302,0],[583,0]]]
[543,[0],	[[58,0]]]
[544,[0],	[[388,0],[22,0],[11,0],[81,0],[448,0],[419,0],[601,0],[489,0],[58,0]]]
[545,[0],	[[158,0],[172,0],[429,0],[28,0],[372,0],[58,0],[590,0]]]
[546,[0],	[[601,0]]]
[547,[0],	[[86,0],[539,0],[58,0],[225,0],[601,0],[421,0],[272,0],[498,0],[316,0],[375,0],[501,0],[247,0],[166,0],[22,0],[217,0],[143,0],[306,0],[304,0],[402,0],[211,0],[475,0],[242,0],[602,0]]]
[548,[0],	[[14,0],[539,0],[477,0],[396,0],[86,0],[362,0],[58,0],[441,0],[103,0],[450,0],[603,0],[421,0],[459,0],[261,0],[541,0],[272,0],[30,0],[184,0],[393,0],[340,0],[88,0],[276,0],[196,0],[258,0],[478,0],[22,0],[202,0],[207,0],[132,0],[156,0],[453,0],[533,0],[352,0],[158,0]]]
[549,[0],	[[396,0],[362,0],[58,0],[474,0],[441,0],[462,0],[601,0],[603,0],[325,0],[272,0],[184,0],[498,0],[501,0],[88,0],[22,0],[528,0],[48,0],[45,0],[550,0],[39,0],[46,0],[11,0],[355,0],[85,0],[82,0],[35,0],[131,0],[81,0],[475,0]]]
[550,[0],	[[158,0],[396,0],[362,0],[58,0],[385,0],[441,0],[462,0],[14,0],[450,0],[603,0],[325,0],[421,0],[272,0],[184,0],[498,0],[375,0],[501,0],[247,0],[166,0],[88,0],[276,0],[338,0],[22,0],[528,0],[207,0],[549,0],[11,0],[175,0],[371,0],[452,0],[380,0],[13,0],[305,0],[451,0],[370,0],[306,0],[304,0],[352,0],[35,0],[7,0],[211,0],[475,0],[390,0]]]
[551,[0],	[[171,0],[321,0],[26,0],[58,0],[86,0]]]
[552,[0],	[[58,0]]]
[553,[0],	[[58,0]]]
[554,[0],	[[571,0],[203,0],[394,0],[58,0],[73,0],[564,0],[274,0]]]
[555,[0],	[[58,0]]]
[556,[0],	[[218,0],[573,0],[512,0],[58,0],[14,0],[601,0],[200,0],[150,0],[261,0],[272,0],[498,0],[375,0],[297,0],[22,0],[48,0],[326,0],[454,0],[507,0],[304,0],[460,0],[430,0],[570,0],[351,0],[7,0],[519,0],[147,0],[475,0],[291,0],[90,0],[256,0]]]
[557,[0],	[[573,0],[162,0],[586,0],[382,0],[588,0],[388,0],[56,0],[440,0],[17,0],[494,0],[283,0],[517,0],[529,0],[192,0]]]
[558,[0],	[[58,0],[45,0],[39,0],[46,0],[507,0],[105,0]]]
[559,[0],	[[58,0]]]
[560,[0],	[[58,0],[385,0],[601,0],[128,0],[168,0],[167,0]]]
[561,[0],	[[474,0],[86,0],[58,0],[385,0],[186,0],[441,0],[14,0],[450,0],[601,0],[541,0],[272,0],[30,0],[363,0],[498,0],[375,0],[72,0],[247,0],[166,0],[88,0],[478,0],[22,0],[45,0],[39,0],[46,0],[175,0],[371,0],[527,0],[53,0],[233,0],[570,0],[35,0],[351,0],[255,0],[282,0],[575,0],[565,0],[226,0],[158,0],[447,0]]]
[562,[0],	[[58,0]]]
[563,[0],	[[58,0]]]
[564,[0],	[[58,0],[274,0],[554,0],[203,0]]]
[565,[0],	[[46,0],[58,0],[385,0],[14,0],[450,0],[261,0],[541,0],[272,0],[30,0],[72,0],[393,0],[247,0],[528,0],[39,0],[175,0],[594,0],[370,0],[35,0],[561,0],[226,0],[190,0]]]
[566,[0],	[[58,0],[23,0],[332,0],[25,0]]]
[567,[0],	[[512,0],[58,0],[601,0],[272,0],[78,0]]]
[568,[0],	[[58,0],[37,0]]]
[569,[0],	[[316,0],[573,0],[512,0],[58,0],[601,0]]]
[570,[0],	[[86,0],[375,0],[156,0],[527,0],[304,0],[352,0],[430,0],[218,0],[58,0],[351,0],[561,0],[518,0],[556,0],[291,0],[121,0],[489,0],[14,0],[182,0],[498,0]]]
[571,[0],	[[412,0],[398,0],[573,0],[540,0],[203,0],[382,0],[587,0],[388,0],[387,0],[221,0],[308,0],[259,0],[274,0],[554,0]]]
[572,[0],	[[58,0]]]
[573,[0],	[[274,0],[278,0],[27,0],[398,0],[412,0],[571,0],[162,0],[47,0],[540,0],[583,0],[569,0],[512,0],[556,0],[309,0],[586,0],[382,0],[587,0],[270,0],[407,0],[457,0],[388,0],[56,0],[111,0],[557,0],[427,0],[293,0],[535,0],[356,0],[301,0],[611,0],[260,0]]]
[574,[0],	[[58,0]]]
[575,[0],	[[58,0],[182,0],[272,0],[247,0],[166,0],[88,0],[22,0],[538,0],[53,0],[370,0],[430,0],[561,0],[606,0],[489,0]]]
[576,[0],	[[254,0],[388,0],[221,0],[29,0],[32,0]]]
[577,[0],	[[58,0]]]
[578,[0],	[[58,0],[234,0]]]
[579,[0],	[[220,0],[47,0],[586,0],[270,0],[394,0],[248,0],[440,0],[16,0],[403,0],[601,0]]]
[580,[0],	[[58,0]]]
[581,[0],	[[58,0]]]
[582,[0],	[[316,0],[58,0]]]
[583,[0],	[[270,0],[278,0],[573,0],[162,0],[477,0],[542,0],[254,0],[309,0],[586,0],[394,0],[248,0],[588,0],[220,0],[473,0],[58,0],[474,0],[385,0]]]
[584,[0],	[[58,0]]]
[585,[0],	[[362,0],[58,0]]]
[586,[0],	[[557,0],[398,0],[573,0],[47,0],[477,0],[583,0],[428,0],[254,0],[309,0],[382,0],[213,0],[362,0],[394,0],[588,0],[385,0],[388,0],[56,0],[440,0],[287,0],[17,0],[494,0],[427,0],[579,0],[16,0],[266,0],[403,0],[325,0],[589,0],[421,0],[283,0],[508,0],[308,0],[529,0],[336,0],[472,0],[365,0],[63,0],[405,0],[444,0],[314,0]]]
[587,[0],	[[539,0],[542,0],[254,0],[86,0],[362,0],[270,0],[221,0],[573,0],[293,0],[174,0],[571,0],[134,0],[601,0],[316,0],[29,0],[259,0],[45,0],[360,0]]]
[588,[0],	[[56,0],[412,0],[583,0],[309,0],[586,0],[394,0],[248,0],[388,0],[440,0],[287,0],[17,0],[494,0],[557,0],[589,0],[421,0],[365,0]]]
[589,[0],	[[477,0],[309,0],[586,0],[588,0],[58,0],[56,0],[287,0],[17,0]]]
[590,[0],	[[58,0],[529,0],[434,0],[497,0],[158,0],[545,0],[172,0],[429,0],[372,0]]]
[591,[0],	[[318,0],[398,0],[412,0],[162,0],[477,0],[540,0],[382,0],[104,0],[182,0],[502,0],[601,0]]]
[592,[0],	[[477,0],[86,0],[162,0],[58,0],[225,0],[14,0],[421,0],[459,0],[261,0],[272,0],[283,0],[297,0],[539,0]]]
[593,[0],	[[58,0]]]
[594,[0],	[[49,0],[396,0],[77,0],[58,0],[385,0],[441,0],[14,0],[601,0],[603,0],[541,0],[272,0],[316,0],[72,0],[196,0],[249,0],[43,0],[488,0],[170,0],[154,0],[176,0],[219,0],[352,0],[96,0],[289,0],[565,0],[606,0]]]
[595,[0],	[[58,0],[44,0]]]
[596,[0],	[[58,0]]]
[597,[0],	[[58,0]]]
[598,[0],	[[202,0],[477,0],[58,0],[474,0],[103,0],[421,0],[30,0],[285,0],[274,0],[453,0]]]
[599,[0],	[[58,0]]]
[600,[0],	[[477,0],[58,0],[14,0],[421,0],[449,0],[316,0]]]
[601,[0],	[[186,0],[278,0],[27,0],[398,0],[591,0],[162,0],[539,0],[47,0],[477,0],[476,0],[540,0],[396,0],[569,0],[428,0],[556,0],[382,0],[213,0],[587,0],[86,0],[302,0],[362,0],[270,0],[58,0],[474,0],[385,0],[388,0],[230,0],[60,0],[111,0],[427,0],[221,0],[197,0],[356,0],[441,0],[579,0],[104,0],[182,0],[16,0],[266,0],[14,0],[450,0],[200,0],[120,0],[180,0],[603,0],[325,0],[421,0],[459,0],[261,0],[541,0],[272,0],[30,0],[283,0],[363,0],[184,0],[498,0],[316,0],[375,0],[292,0],[334,0],[416,0],[508,0],[297,0],[393,0],[89,0],[247,0],[166,0],[88,0],[478,0],[22,0],[528,0],[546,0],[397,0],[78,0],[567,0],[118,0],[48,0],[326,0],[488,0],[45,0],[472,0],[431,0],[98,0],[463,0],[461,0],[549,0],[9,0],[39,0],[511,0],[49,0],[11,0],[175,0],[594,0],[156,0],[290,0],[481,0],[433,0],[444,0],[466,0],[538,0],[319,0],[210,0],[527,0],[53,0],[452,0],[359,0],[380,0],[406,0],[240,0],[439,0],[13,0],[533,0],[480,0],[499,0],[399,0],[524,0],[233,0],[305,0],[245,0],[451,0],[342,0],[268,0],[547,0],[52,0],[117,0],[611,0],[208,0],[482,0],[304,0],[349,0],[386,0],[300,0],[18,0],[36,0],[85,0],[352,0],[96,0],[460,0],[329,0],[430,0],[128,0],[168,0],[125,0],[218,0],[35,0],[351,0],[344,0],[379,0],[255,0],[195,0],[137,0],[520,0],[289,0],[282,0],[561,0],[211,0],[519,0],[81,0],[475,0],[158,0],[560,0],[506,0],[139,0],[194,0],[291,0],[295,0],[532,0],[205,0],[544,0],[489,0],[237,0],[389,0],[256,0],[419,0],[491,0],[496,0],[265,0],[251,0]]]
[602,[0],	[[402,0],[58,0],[501,0],[547,0]]]
[603,[0],	[[352,0],[27,0],[539,0],[396,0],[77,0],[86,0],[362,0],[270,0],[248,0],[58,0],[385,0],[174,0],[441,0],[462,0],[14,0],[450,0],[601,0],[325,0],[150,0],[548,0],[421,0],[459,0],[261,0],[541,0],[272,0],[30,0],[283,0],[363,0],[184,0],[498,0],[354,0],[316,0],[375,0],[297,0],[501,0],[393,0],[340,0],[89,0],[247,0],[88,0],[276,0],[338,0],[196,0],[478,0],[22,0],[528,0],[118,0],[285,0],[48,0],[326,0],[43,0],[178,0],[45,0],[133,0],[550,0],[431,0],[98,0],[463,0],[461,0],[199,0],[207,0],[434,0],[549,0],[39,0],[46,0],[49,0],[11,0],[175,0],[594,0],[371,0],[290,0],[453,0],[53,0],[533,0],[524,0],[370,0],[244,0],[391,0],[507,0],[176,0],[341,0],[264,0],[460,0],[35,0],[351,0],[7,0],[255,0],[211,0],[606,0],[185,0],[381,0],[147,0],[215,0],[81,0],[475,0],[518,0],[158,0],[50,0],[333,0],[92,0]]]
[604,[0],	[[330,0],[14,0],[3,0],[58,0]]]
[605,[0],	[[319,0],[77,0],[58,0],[385,0],[186,0],[196,0],[249,0],[53,0],[482,0],[349,0],[129,0],[51,0],[164,0],[161,0]]]
[606,[0],	[[22,0],[86,0],[362,0],[58,0],[385,0],[441,0],[14,0],[450,0],[603,0],[421,0],[541,0],[272,0],[184,0],[340,0],[247,0],[88,0],[415,0],[48,0],[326,0],[45,0],[98,0],[39,0],[46,0],[594,0],[538,0],[507,0],[255,0],[106,0],[575,0],[201,0],[518,0]]]
[607,[0],	[[58,0],[163,0]]]
[608,[0],	[[58,0],[280,0],[119,0]]]
[609,[0],	[[58,0],[418,0],[61,0]]]
[610,[0],	[[477,0],[86,0],[58,0],[459,0],[48,0],[132,0]]]
[611,[0],	[[573,0],[58,0],[601,0]]]
